0 0.100004 0.100004 2 2 3
9.75299e-06 0.100002 0.100002 2 2 3
2.74492e-05 0.100005 0.100005 2 2 3
6.30766e-05 0.100012 0.100012 2 2 3
0.000134314 0.100025 0.100025 2 2 3
0.000276708 0.100052 0.100052 2 2 3
0.000561215 0.100106 0.100106 2 2 3
0.0011275 0.100214 0.100214 2 2 3
0.00197346 0.100375 0.100375 2 2 3
0.00323282 0.100615 0.100615 2 2 3
0.00466512 0.100889 0.100889 2 2 3
0.00608315 0.101162 0.101162 2 2 3
0.0074876 0.101433 0.101433 2 2 3
0.00887799 0.101703 0.101703 2 2 3
0.0102547 0.101971 0.101971 2 2 3
0.0116183 0.102238 0.102238 2 2 3
0.0129689 0.102503 0.102503 2 2 3
0.0143066 0.102766 0.102766 2 2 3
0.0156319 0.103029 0.103029 2 2 3
0.0169444 0.103289 0.103289 2 2 3
0.018245 0.103549 0.103549 2 2 3
0.0195336 0.103807 0.103807 2 2 3
0.0208104 0.104063 0.104063 2 2 3
0.0220757 0.104318 0.104318 2 2 3
0.0233296 0.104572 0.104572 2 2 3
0.0245726 0.104825 0.104825 2 2 3
0.0258043 0.105076 0.105076 2 2 3
0.0270252 0.105326 0.105326 2 2 3
0.0282353 0.105575 0.105575 2 2 3
0.0294353 0.105822 0.105822 2 2 3
0.0306249 0.106068 0.106068 2 2 3
0.0318042 0.106313 0.106313 2 2 3
0.0329743 0.106557 0.106557 2 2 3
0.0341343 0.106799 0.106799 2 2 3
0.0352844 0.10704 0.10704 2 2 3
0.0364255 0.10728 0.10728 2 2 3
0.0375571 0.107519 0.107519 2 2 3
0.0386795 0.107757 0.107757 2 2 3
0.039793 0.107994 0.107994 2 2 3
0.0408981 0.108229 0.108229 2 2 3
0.0419939 0.108464 0.108464 2 2 3
0.0430815 0.108697 0.108697 2 2 3
0.0441607 0.10893 0.10893 2 2 3
0.0452318 0.109161 0.109161 2 2 3
0.0462947 0.109391 0.109391 2 2 3
0.0473495 0.10962 0.10962 2 2 3
0.0483966 0.109848 0.109848 2 2 3
0.049436 0.110076 0.110076 2 2 3
0.0504678 0.110302 0.110302 2 2 3
0.0514923 0.110527 0.110527 2 2 3
0.0525092 0.110752 0.110752 2 2 3
0.0535193 0.110975 0.110975 2 2 3
0.0545218 0.111197 0.111197 2 2 3
0.0555175 0.111419 0.111419 2 2 3
0.0565067 0.11164 0.11164 2 2 3
0.0574888 0.111859 0.111859 2 2 3
0.0584644 0.112078 0.112078 2 2 3
0.0594334 0.112296 0.112296 2 2 3
0.0603961 0.112514 0.112514 2 2 3
0.0613523 0.11273 0.11273 2 2 3
0.0623026 0.112945 0.112945 2 2 3
0.0632466 0.11316 0.11316 2 2 3
0.0641847 0.113374 0.113374 2 2 3
0.0651167 0.113587 0.113587 2 2 3
0.066043 0.1138 0.1138 2 2 3
0.0669636 0.114011 0.114011 2 2 3
0.0678786 0.114222 0.114222 2 2 3
0.0687881 0.114432 0.114432 2 2 3
0.069692 0.114642 0.114642 2 2 3
0.0705909 0.114851 0.114851 2 2 3
0.0714843 0.115059 0.115059 2 2 3
0.0723724 0.115266 0.115266 2 2 3
0.0732557 0.115473 0.115473 2 2 3
0.0741339 0.115679 0.115679 2 2 3
0.0750072 0.115884 0.115884 2 2 3
0.0758756 0.116089 0.116089 2 2 3
0.0767392 0.116293 0.116293 2 2 3
0.0775982 0.116496 0.116496 2 2 3
0.0784526 0.116699 0.116699 2 2 3
0.0793025 0.116902 0.116902 2 2 3
0.0801478 0.117103 0.117103 2 2 3
0.080989 0.117304 0.117304 2 2 3
0.0818256 0.117505 0.117505 2 2 3
0.0826581 0.117705 0.117705 2 2 3
0.0834866 0.117904 0.117904 2 2 3
0.0843109 0.118103 0.118103 2 2 3
0.0851311 0.118302 0.118302 2 2 3
0.0859474 0.1185 0.1185 2 2 3
0.0867598 0.118697 0.118697 2 2 3
0.0875684 0.118894 0.118894 2 2 3
0.0883733 0.11909 0.11909 2 2 3
0.0891744 0.119286 0.119286 2 2 3
0.0899719 0.119482 0.119482 2 2 3
0.0907658 0.119677 0.119677 2 2 3
0.0915564 0.119871 0.119871 2 2 3
0.0923434 0.120066 0.120066 2 2 3
0.0931271 0.120259 0.120259 2 2 3
0.0939073 0.120453 0.120453 2 2 3
0.0946844 0.120645 0.120645 2 2 3
0.0954582 0.120838 0.120838 2 2 3
0.096229 0.12103 0.12103 2 2 3
0.0969965 0.121222 0.121222 2 2 3
0.0977611 0.121413 0.121413 2 2 3
0.0985226 0.121604 0.121604 2 2 3
0.0992813 0.121795 0.121795 2 2 3
0.100037 0.121985 0.121985 2 2 3
0.10079 0.122175 0.122175 2 2 3
0.10154 0.122365 0.122365 2 2 3
0.102288 0.122554 0.122554 2 2 3
0.103032 0.122743 0.122743 2 2 3
0.103775 0.122932 0.122932 2 2 3
0.104514 0.12312 0.12312 2 2 3
0.105251 0.123308 0.123308 2 2 3
0.105986 0.123496 0.123496 2 2 3
0.106718 0.123684 0.123684 2 2 3
0.107448 0.123871 0.123871 2 2 3
0.108175 0.124058 0.124058 2 2 3
0.108901 0.124245 0.124245 2 2 3
0.109624 0.124432 0.124432 2 2 3
0.110344 0.124618 0.124618 2 2 3
0.111063 0.124804 0.124804 2 2 3
0.11178 0.12499 0.12499 2 2 3
0.112494 0.125176 0.125176 2 2 3
0.113207 0.125362 0.125362 2 2 3
0.113917 0.125547 0.125547 2 2 3
0.114626 0.125732 0.125732 2 2 3
0.115332 0.125917 0.125917 2 2 3
0.116037 0.126102 0.126102 2 2 3
0.11674 0.126287 0.126287 2 2 3
0.117441 0.126472 0.126472 2 2 3
0.118141 0.126656 0.126656 2 2 3
0.118839 0.126841 0.126841 2 2 3
0.119535 0.127025 0.127025 2 2 3
0.12023 0.127209 0.127209 2 2 3
0.120923 0.127393 0.127393 2 2 3
0.121614 0.127577 0.127577 2 2 3
0.122304 0.127761 0.127761 2 2 3
0.122993 0.127945 0.127945 2 2 3
0.12368 0.128128 0.128128 2 2 3
0.124366 0.128312 0.128312 2 2 3
0.125051 0.128496 0.128496 2 2 3
0.125734 0.128679 0.128679 2 2 3
0.126416 0.128863 0.128863 2 2 3
0.127097 0.129046 0.129046 2 2 3
0.127777 0.12923 0.12923 2 2 3
0.128455 0.129413 0.129413 2 2 3
0.129132 0.129596 0.129596 2 2 3
0.129809 0.12978 0.12978 2 2 3
0.130484 0.129963 0.129963 2 2 3
0.131158 0.130147 0.130147 2 2 3
0.131832 0.13033 0.13033 2 2 3
0.132504 0.130514 0.130514 2 2 3
0.133175 0.130697 0.130697 2 2 3
0.133846 0.130881 0.130881 2 2 3
0.134516 0.131065 0.131065 2 2 3
0.135185 0.131248 0.131248 2 2 3
0.135853 0.131432 0.131432 2 2 3
0.136521 0.131616 0.131616 2 2 3
0.137188 0.1318 0.1318 2 2 3
0.137854 0.131984 0.131984 2 2 3
0.138519 0.132168 0.132168 2 2 3
0.139185 0.132352 0.132352 2 2 3
0.139849 0.132537 0.132537 2 2 3
0.140513 0.132721 0.132721 2 2 3
0.141176 0.132906 0.132906 2 2 3
0.14184 0.133091 0.133091 2 2 3
0.142502 0.133276 0.133276 2 2 3
0.143164 0.133461 0.133461 2 2 3
0.143826 0.133646 0.133646 2 2 3
0.144488 0.133831 0.133831 2 2 3
0.145149 0.134017 0.134017 2 2 3
0.14581 0.134203 0.134203 2 2 3
0.146471 0.134389 0.134389 2 2 3
0.147132 0.134575 0.134575 2 2 3
0.147792 0.134762 0.134762 2 2 3
0.148453 0.134948 0.134948 2 2 3
0.149113 0.135135 0.135135 2 2 3
0.149773 0.135322 0.135322 2 2 3
0.150434 0.13551 0.13551 2 2 3
0.151094 0.135697 0.135697 2 2 3
0.151754 0.135885 0.135885 2 2 3
0.152415 0.136073 0.136073 2 2 3
0.153075 0.136262 0.136262 2 2 3
0.153736 0.13645 0.13645 2 2 3
0.154397 0.136639 0.136639 2 2 3
0.155058 0.136829 0.136829 2 2 3
0.155719 0.137018 0.137018 2 2 3
0.15638 0.137208 0.137208 2 2 3
0.157042 0.137398 0.137398 2 2 3
0.157705 0.137589 0.137589 2 2 3
0.158367 0.13778 0.13778 2 2 3
0.15903 0.137971 0.137971 2 2 3
0.159694 0.138163 0.138163 2 2 3
0.160358 0.138355 0.138355 2 2 3
0.161022 0.138548 0.138548 2 2 3
0.161687 0.13874 0.13874 2 2 3
0.162353 0.138934 0.138934 2 2 3
0.163019 0.139127 0.139127 2 2 3
0.163686 0.139321 0.139321 2 2 3
0.164353 0.139516 0.139516 2 2 3
0.165022 0.139711 0.139711 2 2 3
0.165691 0.139906 0.139906 2 2 3
0.16636 0.140102 0.140102 2 2 3
0.167031 0.140298 0.140298 2 2 3
0.167703 0.140495 0.140495 2 2 3
0.168375 0.140692 0.140692 2 2 3
0.169048 0.14089 0.14089 2 2 3
0.169722 0.141088 0.141088 2 2 3
0.170398 0.141287 0.141287 2 2 3
0.171074 0.141486 0.141486 2 2 3
0.171751 0.141686 0.141686 2 2 3
0.17243 0.141886 0.141886 2 2 3
0.173109 0.142087 0.142087 2 2 3
0.17379 0.142289 0.142289 2 2 3
0.174472 0.142491 0.142491 2 2 3
0.175155 0.142693 0.142693 2 2 3
0.17584 0.142897 0.142897 2 2 3
0.176526 0.1431 0.1431 2 2 3
0.177213 0.143305 0.143305 2 2 3
0.177902 0.14351 0.14351 2 2 3
0.178592 0.143716 0.143716 2 2 3
0.179284 0.143922 0.143922 2 2 3
0.179977 0.144129 0.144129 2 2 3
0.180671 0.144337 0.144337 2 2 3
0.181368 0.144545 0.144545 2 2 3
0.182066 0.144754 0.144754 2 2 3
0.182765 0.144964 0.144964 2 2 3
0.183466 0.145174 0.145174 2 2 3
0.18417 0.145385 0.145385 2 2 3
0.184874 0.145597 0.145597 2 2 3
0.185581 0.145809 0.145809 2 2 3
0.18629 0.146023 0.146023 2 2 3
0.187001 0.146237 0.146237 2 2 3
0.187713 0.146452 0.146452 2 2 3
0.188428 0.146667 0.146667 2 2 3
0.189144 0.146884 0.146884 2 2 3
0.189863 0.147101 0.147101 2 2 3
0.190584 0.147319 0.147319 2 2 3
0.191307 0.147538 0.147538 2 2 3
0.192033 0.147758 0.147758 2 2 3
0.19276 0.147979 0.147979 2 2 3
0.19349 0.1482 0.1482 2 2 3
0.194223 0.148423 0.148423 2 2 3
0.194958 0.148646 0.148646 2 2 3
0.195695 0.14887 0.14887 2 2 3
0.196435 0.149095 0.149095 2 2 3
0.197177 0.149321 0.149321 2 2 3
0.197922 0.149548 0.149548 2 2 3
0.19867 0.149776 0.149776 2 2 3
0.199421 0.150005 0.150005 2 2 3
0.200174 0.150235 0.150235 2 2 3
0.20093 0.150466 0.150466 2 2 3
0.201689 0.150698 0.150698 2 2 3
0.202451 0.150931 0.150931 2 2 3
0.203216 0.151165 0.151165 2 2 3
0.203985 0.1514 0.1514 2 2 3
0.204756 0.151636 0.151636 2 2 3
0.20553 0.151873 0.151873 2 2 3
0.206308 0.152111 0.152111 2 2 3
0.207089 0.15235 0.15235 2 2 3
0.207873 0.152591 0.152591 2 2 3
0.208661 0.152832 0.152832 2 2 3
0.209452 0.153075 0.153075 2 2 3
0.210247 0.153319 0.153319 2 2 3
0.211045 0.153564 0.153564 2 2 3
0.211847 0.15381 0.15381 2 2 3
0.212653 0.154058 0.154058 2 2 3
0.213462 0.154306 0.154306 2 2 3
0.214276 0.154556 0.154556 2 2 3
0.215093 0.154807 0.154807 2 2 3
0.215914 0.155059 0.155059 2 2 3
0.21674 0.155313 0.155313 2 2 3
0.217569 0.155568 0.155568 2 2 3
0.218403 0.155824 0.155824 2 2 3
0.219241 0.156081 0.156081 2 2 3
0.220084 0.15634 0.15634 2 2 3
0.220931 0.1566 0.1566 2 2 3
0.221782 0.156862 0.156862 2 2 3
0.222638 0.157125 0.157125 2 2 3
0.223499 0.157389 0.157389 2 2 3
0.224364 0.157654 0.157654 2 2 3
0.225234 0.157921 0.157921 2 2 3
0.226109 0.15819 0.15819 2 2 3
0.226989 0.158459 0.158459 2 2 3
0.227875 0.158731 0.158731 2 2 3
0.228765 0.159003 0.159003 2 2 3
0.229661 0.159277 0.159277 2 2 3
0.230562 0.159553 0.159553 2 2 3
0.231468 0.15983 0.15983 2 2 3
0.23238 0.160109 0.160109 2 2 3
0.233298 0.160389 0.160389 2 2 3
0.234221 0.16067 0.16067 2 2 3
0.23515 0.160953 0.160953 2 2 3
0.236085 0.161238 0.161238 2 2 3
0.237027 0.161524 0.161524 2 2 3
0.237974 0.161812 0.161812 2 2 3
0.238927 0.162101 0.162101 2 2 3
0.239887 0.162392 0.162392 2 2 3
0.240854 0.162685 0.162685 2 2 3
0.241826 0.162978 0.162978 2 2 3
0.242806 0.163274 0.163274 2 2 3
0.243792 0.163571 0.163571 2 2 3
0.244786 0.16387 0.16387 2 2 3
0.245786 0.164171 0.164171 2 2 3
0.246793 0.164473 0.164473 2 2 3
0.247808 0.164776 0.164776 2 2 3
0.24883 0.165081 0.165081 2 2 3
0.24986 0.165388 0.165388 2 2 3
0.250897 0.165697 0.165697 2 2 3
0.251942 0.166007 0.166007 2 2 3
0.252995 0.166318 0.166318 2 2 3
0.254057 0.166632 0.166632 2 2 3
0.255126 0.166947 0.166947 2 2 3
0.256204 0.167263 0.167263 2 2 3
0.25729 0.167581 0.167581 2 2 3
0.258385 0.167901 0.167901 2 2 3
0.259489 0.168222 0.168222 2 2 3
0.260601 0.168544 0.168544 2 2 3
0.261723 0.168868 0.168868 2 2 3
0.262854 0.169194 0.169194 2 2 3
0.263995 0.169521 0.169521 2 2 3
0.265145 0.16985 0.16985 2 2 3
0.266305 0.170179 0.170179 2 2 3
0.267475 0.170511 0.170511 2 2 3
0.268656 0.170843 0.170843 2 2 3
0.269846 0.171177 0.171177 2 2 3
0.271047 0.171513 0.171513 2 2 3
0.272259 0.171849 0.171849 2 2 3
0.273482 0.172187 0.172187 2 2 3
0.274716 0.172526 0.172526 2 2 3
0.275961 0.172865 0.172865 2 2 3
0.277218 0.173206 0.173206 2 2 3
0.278487 0.173548 0.173548 2 2 3
0.279768 0.173891 0.173891 2 2 3
0.28106 0.174234 0.174234 2 2 3
0.282366 0.174578 0.174578 2 2 3
0.283684 0.174923 0.174923 2 2 3
0.285015 0.175269 0.175269 2 2 3
0.286359 0.175614 0.175614 2 2 3
0.287716 0.17596 0.17596 2 2 3
0.289088 0.176307 0.176307 2 2 3
0.290473 0.176653 0.176653 2 2 3
0.291872 0.176999 0.176999 2 2 3
0.293286 0.177345 0.177345 2 2 3
0.294714 0.177691 0.177691 2 2 3
0.296158 0.178036 0.178036 2 2 3
0.297617 0.178381 0.178381 2 2 3
0.299092 0.178724 0.178724 2 2 3
0.300583 0.179067 0.179067 2 2 3
0.30209 0.179408 0.179408 2 2 3
0.303614 0.179748 0.179748 2 2 3
0.305154 0.180086 0.180086 2 2 3
0.306713 0.180422 0.180422 2 2 3
0.308288 0.180756 0.180756 2 2 3
0.309882 0.181087 0.181087 2 2 3
0.311494 0.181416 0.181416 2 2 3
0.313125 0.181741 0.181741 2 2 3
0.314775 0.182063 0.182063 2 2 3
0.316445 0.182381 0.182381 2 2 3
0.318135 0.182695 0.182695 2 2 3
0.319845 0.183004 0.183004 2 2 3
0.321575 0.183308 0.183308 2 2 3
0.323328 0.183607 0.183607 2 2 3
0.325101 0.183899 0.183899 2 2 3
0.326898 0.184186 0.184186 2 2 3
0.328717 0.184465 0.184465 2 2 3
0.330559 0.184737 0.184737 2 2 3
0.332425 0.185001 0.185001 2 2 3
0.334315 0.185256 0.185256 2 2 3
0.33623 0.185502 0.185502 2 2 3
0.338169 0.185738 0.185738 2 2 3
0.340136 0.185963 0.185963 2 2 3
0.342129 0.186177 0.186177 2 2 3
0.344148 0.186378 0.186378 2 2 3
0.346196 0.186567 0.186567 2 2 3
0.348271 0.186741 0.186741 2 2 3
0.350376 0.186901 0.186901 2 2 3
0.352509 0.187045 0.187045 2 2 3
0.354673 0.187172 0.187172 2 2 3
0.356869 0.187282 0.187282 2 2 3
0.359095 0.187373 0.187373 2 2 3
0.361355 0.187445 0.187445 2 2 3
0.363647 0.187495 0.187495 2 2 3
0.365973 0.187524 0.187524 2 2 3
0.368333 0.187529 0.187529 2 2 3
0.370729 0.18751 0.18751 2 2 3
0.373161 0.187466 0.187466 2 2 3
0.37563 0.187395 0.187395 2 2 3
0.378136 0.187294 0.187294 2 2 3
0.380681 0.187165 0.187165 2 2 3
0.383265 0.187006 0.187006 2 2 3
0.385889 0.186813 0.186813 2 2 3
0.388554 0.186588 0.186588 2 2 3
0.391259 0.186328 0.186328 2 2 3
0.394008 0.186032 0.186032 2 2 3
0.396799 0.185701 0.185701 2 2 3
0.399633 0.185327 0.185327 2 2 3
0.402512 0.184917 0.184917 2 2 3
0.405436 0.184464 0.184464 2 2 3
0.408405 0.183972 0.183972 2 2 3
0.41142 0.183437 0.183437 2 2 3
0.41448 0.182856 0.182856 2 2 3
0.417588 0.182233 0.182233 2 2 3
0.420743 0.181566 0.181566 2 2 3
0.423945 0.180852 0.180852 2 2 3
0.427193 0.180095 0.180095 2 2 3
0.43049 0.179291 0.179291 2 2 3
0.433835 0.178442 0.178442 2 2 3
0.437227 0.177548 0.177548 2 2 3
0.440667 0.176611 0.176611 2 2 3
0.444151 0.175628 0.175628 2 2 3
0.447684 0.174605 0.174605 2 2 3
0.451263 0.173537 0.173537 2 2 3
0.454888 0.172431 0.172431 2 2 3
0.458557 0.171284 0.171284 2 2 3
0.462271 0.1701 0.1701 2 2 3
0.466029 0.168879 0.168879 2 2 3
0.469829 0.167623 0.167623 2 2 3
0.473671 0.166336 0.166336 2 2 3
0.477555 0.165021 0.165021 2 2 3
0.481478 0.163676 0.163676 2 2 3
0.485441 0.162307 0.162307 2 2 3
0.489442 0.160913 0.160913 2 2 3
0.493479 0.159499 0.159499 2 2 3
0.497553 0.158064 0.158064 2 2 3
0.501662 0.156615 0.156615 2 2 3
0.505805 0.155151 0.155151 2 2 3
0.509981 0.153675 0.153675 2 2 3
0.514188 0.152189 0.152189 2 2 3
0.518427 0.150696 0.150696 2 2 3
0.522695 0.149197 0.149197 2 2 3
0.526992 0.147695 0.147695 2 2 3
0.531316 0.146191 0.146191 2 2 3
0.535668 0.144686 0.144686 2 2 3
0.540045 0.143185 0.143185 2 2 3
0.544447 0.141687 0.141687 2 2 3
0.548874 0.140193 0.140193 2 2 3
0.553323 0.138706 0.138706 2 2 3
0.557794 0.137227 0.137227 2 2 3
0.562287 0.135756 0.135756 2 2 3
0.5668 0.134296 0.134296 2 2 3
0.571333 0.132847 0.132847 2 2 3
0.575884 0.131409 0.131409 2 2 3
0.580454 0.129984 0.129984 2 2 3
0.585041 0.128573 0.128573 2 2 3
0.589646 0.127176 0.127176 2 2 3
0.594266 0.125794 0.125794 2 2 3
0.598901 0.124428 0.124428 2 2 3
0.603551 0.123077 0.123077 2 2 3
0.608216 0.121742 0.121742 2 2 3
0.612894 0.120424 0.120424 2 2 3
0.617585 0.119123 0.119123 2 2 3
0.622288 0.117838 0.117838 2 2 3
0.627003 0.116571 0.116571 2 2 3
0.63173 0.115321 0.115321 2 2 3
0.636468 0.114089 0.114089 2 2 3
0.641216 0.112874 0.112874 2 2 3
0.645974 0.111677 0.111677 2 2 3
0.650742 0.110497 0.110497 2 2 3
0.655519 0.109335 0.109335 2 2 3
0.660304 0.10819 0.10819 2 2 3
0.665098 0.107062 0.107062 2 2 3
0.6699 0.105952 0.105952 2 2 3
0.67471 0.104858 0.104858 2 2 3
0.679527 0.103782 0.103782 2 2 3
0.684352 0.102722 0.102722 2 2 3
0.689183 0.101679 0.101679 2 2 3
0.69402 0.100653 0.100653 2 2 3
0.698864 0.0996422 0.0996422 2 2 3
0.703713 0.0986476 0.0986476 2 2 3
0.708569 0.0976688 0.0976688 2 2 3
0.713429 0.0967058 0.0967058 2 2 3
0.718295 0.0957579 0.0957579 2 2 3
0.723166 0.094825 0.094825 2 2 3
0.728042 0.0939074 0.0939074 2 2 3
0.732922 0.0930043 0.0930043 2 2 3
0.737806 0.0921154 0.0921154 2 2 3
0.742695 0.0912409 0.0912409 2 2 3
0.747588 0.0903802 0.0903802 2 2 3
0.752485 0.0895333 0.0895333 2 2 3
0.757385 0.0886998 0.0886998 2 2 3
0.762289 0.0878796 0.0878796 2 2 3
0.767196 0.0870724 0.0870724 2 2 3
0.772106 0.0862779 0.0862779 2 2 3
0.77702 0.085496 0.085496 2 2 3
0.781937 0.0847261 0.0847261 2 2 3
0.786856 0.0839686 0.0839686 2 2 3
0.791778 0.0832231 0.0832231 2 2 3
0.796703 0.0824886 0.0824886 2 2 3
0.801631 0.0817661 0.0817661 2 2 3
0.80656 0.0810545 0.0810545 2 2 3
0.811493 0.0803541 0.0803541 2 2 3
0.816427 0.0796642 0.0796642 2 2 3
0.821364 0.078985 0.078985 2 2 3
0.826302 0.0783161 0.0783161 2 2 3
0.831243 0.0776574 0.0776574 2 2 3
0.836186 0.0770085 0.0770085 2 2 3
0.84113 0.0763697 0.0763697 2 2 3
0.846076 0.0757402 0.0757402 2 2 3
0.851024 0.0751203 0.0751203 2 2 3
0.855974 0.0745095 0.0745095 2 2 3
0.860925 0.0739077 0.0739077 2 2 3
0.865878 0.0733148 0.0733148 2 2 3
0.870832 0.0727307 0.0727307 2 2 3
0.875788 0.0721549 0.0721549 2 2 3
0.880744 0.0715877 0.0715877 2 2 3
0.885703 0.0710286 0.0710286 2 2 3
0.890662 0.0704775 0.0704775 2 2 3
0.895623 0.0699343 0.0699343 2 2 3
0.900585 0.0693988 0.0693988 2 2 3
0.905548 0.068871 0.068871 2 2 3
0.910512 0.0683506 0.0683506 2 2 3
0.915477 0.0678374 0.0678374 2 2 3
0.920443 0.0673315 0.0673315 2 2 3
0.92541 0.0668326 0.0668326 2 2 3
0.930379 0.0663405 0.0663405 2 2 3
0.935348 0.0658553 0.0658553 2 2 3
0.940317 0.0653766 0.0653766 2 2 3
0.945288 0.0649044 0.0649044 2 2 3
0.95026 0.0644387 0.0644387 2 2 3
0.955232 0.0639792 0.0639792 2 2 3
0.960205 0.0635259 0.0635259 2 2 3
0.965179 0.0630786 0.0630786 2 2 3
0.970154 0.0626373 0.0626373 2 2 3
0.975129 0.0622018 0.0622018 2 2 3
0.980105 0.061772 0.061772 2 2 3
0.985082 0.0613478 0.0613478 2 2 3
0.990059 0.060929 0.060929 2 2 3
0.995037 0.0605158 0.0605158 2 2 3
1.00002 0.0601078 0.0601078 2 2 3
