0 0.100002 0.100002 2 2 3
6.45308e-05 0.100003 0.100003 2 2 3
8.95875e-05 0.100004 0.100004 2 2 3
0.000139949 0.100007 0.100007 2 2 3
0.000240613 0.100012 0.100012 2 2 3
0.000441917 0.100022 0.100022 2 2 3
0.000844243 0.100042 0.100042 2 2 3
0.00164637 0.100081 0.100081 2 2 3
0.00247326 0.100122 0.100122 2 2 3
0.00329782 0.100162 0.100162 2 2 3
0.00412022 0.100202 0.100202 2 2 3
0.00494041 0.100243 0.100243 2 2 3
0.0057584 0.100283 0.100283 2 2 3
0.00657423 0.100323 0.100323 2 2 3
0.00738787 0.100363 0.100363 2 2 3
0.00819938 0.100402 0.100402 2 2 3
0.0090087 0.100442 0.100442 2 2 3
0.00981592 0.100481 0.100481 2 2 3
0.010621 0.100521 0.100521 2 2 3
0.011424 0.10056 0.10056 2 2 3
0.0122248 0.100599 0.100599 2 2 3
0.0130236 0.100638 0.100638 2 2 3
0.0138202 0.100677 0.100677 2 2 3
0.0146148 0.100715 0.100715 2 2 3
0.0154073 0.100754 0.100754 2 2 3
0.0161978 0.100792 0.100792 2 2 3
0.0169862 0.100831 0.100831 2 2 3
0.0177727 0.100869 0.100869 2 2 3
0.018557 0.100907 0.100907 2 2 3
0.0193394 0.100945 0.100945 2 2 3
0.0201198 0.100983 0.100983 2 2 3
0.0208982 0.101021 0.101021 2 2 3
0.0216746 0.101058 0.101058 2 2 3
0.022449 0.101096 0.101096 2 2 3
0.0232215 0.101133 0.101133 2 2 3
0.0239921 0.10117 0.10117 2 2 3
0.0247606 0.101208 0.101208 2 2 3
0.0255273 0.101245 0.101245 2 2 3
0.0262921 0.101282 0.101282 2 2 3
0.0270549 0.101318 0.101318 2 2 3
0.0278158 0.101355 0.101355 2 2 3
0.0285748 0.101392 0.101392 2 2 3
0.029332 0.101428 0.101428 2 2 3
0.0300873 0.101464 0.101464 2 2 3
0.0308408 0.101501 0.101501 2 2 3
0.0315923 0.101537 0.101537 2 2 3
0.0323421 0.101573 0.101573 2 2 3
0.03309 0.101609 0.101609 2 2 3
0.0338362 0.101644 0.101644 2 2 3
0.0345804 0.10168 0.10168 2 2 3
0.0353229 0.101716 0.101716 2 2 3
0.0360636 0.101751 0.101751 2 2 3
0.0368025 0.101786 0.101786 2 2 3
0.0375397 0.101822 0.101822 2 2 3
0.0382751 0.101857 0.101857 2 2 3
0.0390087 0.101892 0.101892 2 2 3
0.0397406 0.101927 0.101927 2 2 3
0.0404708 0.101962 0.101962 2 2 3
0.0411992 0.101996 0.101996 2 2 3
0.0419259 0.102031 0.102031 2 2 3
0.042651 0.102065 0.102065 2 2 3
0.0433743 0.1021 0.1021 2 2 3
0.0440959 0.102134 0.102134 2 2 3
0.0448159 0.102168 0.102168 2 2 3
0.0455342 0.102202 0.102202 2 2 3
0.0462509 0.102236 0.102236 2 2 3
0.0469658 0.10227 0.10227 2 2 3
0.0476792 0.102304 0.102304 2 2 3
0.0483909 0.102337 0.102337 2 2 3
0.049101 0.102371 0.102371 2 2 3
0.0498095 0.102404 0.102404 2 2 3
0.0505164 0.102438 0.102438 2 2 3
0.0512216 0.102471 0.102471 2 2 3
0.0519253 0.102504 0.102504 2 2 3
0.0526275 0.102537 0.102537 2 2 3
0.0533281 0.10257 0.10257 2 2 3
0.054027 0.102603 0.102603 2 2 3
0.0547244 0.102636 0.102636 2 2 3
0.0554203 0.102669 0.102669 2 2 3
0.0561147 0.102701 0.102701 2 2 3
0.0568076 0.102734 0.102734 2 2 3
0.0574989 0.102766 0.102766 2 2 3
0.0581887 0.102798 0.102798 2 2 3
0.058877 0.10283 0.10283 2 2 3
0.0595638 0.102863 0.102863 2 2 3
0.0602492 0.102895 0.102895 2 2 3
0.060933 0.102927 0.102927 2 2 3
0.0616154 0.102958 0.102958 2 2 3
0.0622964 0.10299 0.10299 2 2 3
0.0629759 0.103022 0.103022 2 2 3
0.063654 0.103053 0.103053 2 2 3
0.0643306 0.103085 0.103085 2 2 3
0.0650058 0.103116 0.103116 2 2 3
0.0656796 0.103147 0.103147 2 2 3
0.0663519 0.103179 0.103179 2 2 3
0.0670229 0.10321 0.10321 2 2 3
0.0676925 0.103241 0.103241 2 2 3
0.0683607 0.103272 0.103272 2 2 3
0.0690275 0.103302 0.103302 2 2 3
0.069693 0.103333 0.103333 2 2 3
0.0703571 0.103364 0.103364 2 2 3
0.0710198 0.103394 0.103394 2 2 3
0.0716812 0.103425 0.103425 2 2 3
0.0723413 0.103455 0.103455 2 2 3
0.073 0.103485 0.103485 2 2 3
0.0736574 0.103516 0.103516 2 2 3
0.0743135 0.103546 0.103546 2 2 3
0.0749683 0.103576 0.103576 2 2 3
0.0756218 0.103606 0.103606 2 2 3
0.076274 0.103636 0.103636 2 2 3
0.0769249 0.103665 0.103665 2 2 3
0.0775746 0.103695 0.103695 2 2 3
0.078223 0.103725 0.103725 2 2 3
0.0788701 0.103754 0.103754 2 2 3
0.079516 0.103784 0.103784 2 2 3
0.0801606 0.103813 0.103813 2 2 3
0.080804 0.103843 0.103843 2 2 3
0.0814462 0.103872 0.103872 2 2 3
0.0820871 0.103901 0.103901 2 2 3
0.0827269 0.10393 0.10393 2 2 3
0.0833654 0.103959 0.103959 2 2 3
0.0840027 0.103988 0.103988 2 2 3
0.0846388 0.104017 0.104017 2 2 3
0.0852737 0.104045 0.104045 2 2 3
0.0859075 0.104074 0.104074 2 2 3
0.0865401 0.104103 0.104103 2 2 3
0.0871715 0.104131 0.104131 2 2 3
0.0878018 0.10416 0.10416 2 2 3
0.0884309 0.104188 0.104188 2 2 3
0.0890589 0.104216 0.104216 2 2 3
0.0896857 0.104244 0.104244 2 2 3
0.0903114 0.104273 0.104273 2 2 3
0.090936 0.104301 0.104301 2 2 3
0.0915595 0.104329 0.104329 2 2 3
0.0921818 0.104357 0.104357 2 2 3
0.0928042 0.104384 0.104384 2 2 3
0.0934232 0.104412 0.104412 2 2 3
0.0940434 0.10444 0.10444 2 2 3
0.0946614 0.104467 0.104467 2 2 3
0.0952783 0.104495 0.104495 2 2 3
0.0958931 0.104522 0.104522 2 2 3
0.0965089 0.10455 0.10455 2 2 3
0.0971226 0.104577 0.104577 2 2 3
0.0977353 0.104604 0.104604 2 2 3
0.098347 0.104632 0.104632 2 2 3
0.0989576 0.104659 0.104659 2 2 3
0.0995671 0.104686 0.104686 2 2 3
0.100176 0.104713 0.104713 2 2 3
0.100783 0.10474 0.10474 2 2 3
0.10139 0.104766 0.104766 2 2 3
0.101995 0.104793 0.104793 2 2 3
0.1026 0.10482 0.10482 2 2 3
0.103203 0.104847 0.104847 2 2 3
0.103806 0.104873 0.104873 2 2 3
0.104407 0.1049 0.1049 2 2 3
0.105008 0.104926 0.104926 2 2 3
0.105608 0.104952 0.104952 2 2 3
0.106206 0.104979 0.104979 2 2 3
0.106804 0.105005 0.105005 2 2 3
0.107401 0.105031 0.105031 2 2 3
0.107997 0.105057 0.105057 2 2 3
0.108592 0.105083 0.105083 2 2 3
0.109186 0.105109 0.105109 2 2 3
0.109779 0.105135 0.105135 2 2 3
0.110371 0.105161 0.105161 2 2 3
0.110962 0.105186 0.105186 2 2 3
0.111552 0.105212 0.105212 2 2 3
0.112142 0.105238 0.105238 2 2 3
0.11273 0.105263 0.105263 2 2 3
0.113318 0.105289 0.105289 2 2 3
0.113905 0.105314 0.105314 2 2 3
0.114491 0.10534 0.10534 2 2 3
0.115076 0.105365 0.105365 2 2 3
0.11566 0.10539 0.10539 2 2 3
0.116243 0.105415 0.105415 2 2 3
0.116826 0.10544 0.10544 2 2 3
0.117408 0.105465 0.105465 2 2 3
0.117988 0.10549 0.10549 2 2 3
0.118568 0.105515 0.105515 2 2 3
0.119147 0.10554 0.10554 2 2 3
0.119726 0.105565 0.105565 2 2 3
0.120303 0.10559 0.10559 2 2 3
0.12088 0.105615 0.105615 2 2 3
0.121456 0.105639 0.105639 2 2 3
0.122031 0.105664 0.105664 2 2 3
0.122605 0.105688 0.105688 2 2 3
0.123179 0.105713 0.105713 2 2 3
0.123751 0.105737 0.105737 2 2 3
0.124323 0.105761 0.105761 2 2 3
0.124895 0.105786 0.105786 2 2 3
0.125465 0.10581 0.10581 2 2 3
0.126035 0.105834 0.105834 2 2 3
0.126604 0.105858 0.105858 2 2 3
0.127172 0.105882 0.105882 2 2 3
0.127739 0.105906 0.105906 2 2 3
0.128306 0.10593 0.10593 2 2 3
0.128872 0.105954 0.105954 2 2 3
0.129437 0.105978 0.105978 2 2 3
0.130001 0.106002 0.106002 2 2 3
0.130565 0.106025 0.106025 2 2 3
0.131128 0.106049 0.106049 2 2 3
0.131691 0.106073 0.106073 2 2 3
0.132252 0.106096 0.106096 2 2 3
0.132813 0.10612 0.10612 2 2 3
0.133373 0.106143 0.106143 2 2 3
0.133933 0.106167 0.106167 2 2 3
0.134492 0.10619 0.10619 2 2 3
0.13505 0.106213 0.106213 2 2 3
0.135608 0.106236 0.106236 2 2 3
0.136165 0.10626 0.10626 2 2 3
0.136721 0.106283 0.106283 2 2 3
0.137276 0.106306 0.106306 2 2 3
0.137831 0.106329 0.106329 2 2 3
0.138386 0.106352 0.106352 2 2 3
0.138939 0.106375 0.106375 2 2 3
0.139492 0.106398 0.106398 2 2 3
0.140045 0.10642 0.10642 2 2 3
0.140596 0.106443 0.106443 2 2 3
0.141148 0.106466 0.106466 2 2 3
0.141698 0.106488 0.106488 2 2 3
0.142248 0.106511 0.106511 2 2 3
0.142797 0.106534 0.106534 2 2 3
0.143346 0.106556 0.106556 2 2 3
0.143894 0.106579 0.106579 2 2 3
0.144442 0.106601 0.106601 2 2 3
0.144989 0.106623 0.106623 2 2 3
0.145535 0.106646 0.106646 2 2 3
0.146081 0.106668 0.106668 2 2 3
0.146626 0.10669 0.10669 2 2 3
0.147171 0.106712 0.106712 2 2 3
0.147715 0.106734 0.106734 2 2 3
0.148258 0.106756 0.106756 2 2 3
0.148801 0.106778 0.106778 2 2 3
0.149344 0.1068 0.1068 2 2 3
0.149886 0.106822 0.106822 2 2 3
0.150427 0.106844 0.106844 2 2 3
0.150968 0.106866 0.106866 2 2 3
0.151508 0.106888 0.106888 2 2 3
0.152048 0.106909 0.106909 2 2 3
0.152587 0.106931 0.106931 2 2 3
0.153126 0.106953 0.106953 2 2 3
0.153664 0.106974 0.106974 2 2 3
0.154202 0.106996 0.106996 2 2 3
0.154739 0.107017 0.107017 2 2 3
0.155276 0.107039 0.107039 2 2 3
0.155812 0.10706 0.10706 2 2 3
0.156348 0.107082 0.107082 2 2 3
0.156883 0.107103 0.107103 2 2 3
0.157418 0.107124 0.107124 2 2 3
0.157953 0.107145 0.107145 2 2 3
0.158486 0.107167 0.107167 2 2 3
0.15902 0.107188 0.107188 2 2 3
0.159553 0.107209 0.107209 2 2 3
0.160085 0.10723 0.10723 2 2 3
0.160617 0.107251 0.107251 2 2 3
0.161149 0.107272 0.107272 2 2 3
0.16168 0.107293 0.107293 2 2 3
0.162211 0.107314 0.107314 2 2 3
0.162741 0.107334 0.107334 2 2 3
0.163271 0.107355 0.107355 2 2 3
0.1638 0.107376 0.107376 2 2 3
0.164329 0.107397 0.107397 2 2 3
0.164858 0.107417 0.107417 2 2 3
0.165386 0.107438 0.107438 2 2 3
0.165914 0.107459 0.107459 2 2 3
0.166441 0.107479 0.107479 2 2 3
0.166969 0.1075 0.1075 2 2 3
0.167495 0.10752 0.10752 2 2 3
0.168021 0.10754 0.10754 2 2 3
0.168547 0.107561 0.107561 2 2 3
0.169073 0.107581 0.107581 2 2 3
0.169598 0.107601 0.107601 2 2 3
0.170122 0.107622 0.107622 2 2 3
0.170647 0.107642 0.107642 2 2 3
0.171171 0.107662 0.107662 2 2 3
0.171694 0.107682 0.107682 2 2 3
0.172218 0.107702 0.107702 2 2 3
0.172741 0.107722 0.107722 2 2 3
0.173263 0.107742 0.107742 2 2 3
0.173785 0.107762 0.107762 2 2 3
0.174307 0.107782 0.107782 2 2 3
0.174829 0.107802 0.107802 2 2 3
0.17535 0.107822 0.107822 2 2 3
0.175871 0.107842 0.107842 2 2 3
0.176392 0.107861 0.107861 2 2 3
0.176912 0.107881 0.107881 2 2 3
0.177432 0.107901 0.107901 2 2 3
0.177952 0.10792 0.10792 2 2 3
0.178471 0.10794 0.10794 2 2 3
0.17899 0.10796 0.10796 2 2 3
0.179509 0.107979 0.107979 2 2 3
0.180027 0.107999 0.107999 2 2 3
0.180545 0.108018 0.108018 2 2 3
0.181063 0.108038 0.108038 2 2 3
0.181581 0.108057 0.108057 2 2 3
0.182098 0.108076 0.108076 2 2 3
0.182615 0.108096 0.108096 2 2 3
0.183132 0.108115 0.108115 2 2 3
0.183649 0.108134 0.108134 2 2 3
0.184165 0.108153 0.108153 2 2 3
0.184681 0.108172 0.108172 2 2 3
0.185197 0.108192 0.108192 2 2 3
0.185712 0.108211 0.108211 2 2 3
0.186228 0.10823 0.10823 2 2 3
0.186743 0.108249 0.108249 2 2 3
0.187257 0.108268 0.108268 2 2 3
0.187772 0.108287 0.108287 2 2 3
0.188286 0.108306 0.108306 2 2 3
0.188801 0.108324 0.108324 2 2 3
0.189315 0.108343 0.108343 2 2 3
0.189828 0.108362 0.108362 2 2 3
0.190342 0.108381 0.108381 2 2 3
0.190855 0.1084 0.1084 2 2 3
0.191368 0.108418 0.108418 2 2 3
0.191881 0.108437 0.108437 2 2 3
0.192394 0.108456 0.108456 2 2 3
0.192906 0.108474 0.108474 2 2 3
0.193419 0.108493 0.108493 2 2 3
0.193931 0.108511 0.108511 2 2 3
0.194443 0.10853 0.10853 2 2 3
0.194954 0.108548 0.108548 2 2 3
0.195466 0.108567 0.108567 2 2 3
0.195977 0.108585 0.108585 2 2 3
0.196489 0.108603 0.108603 2 2 3
0.197 0.108622 0.108622 2 2 3
0.197511 0.10864 0.10864 2 2 3
0.198022 0.108658 0.108658 2 2 3
0.198532 0.108676 0.108676 2 2 3
0.199043 0.108695 0.108695 2 2 3
0.199553 0.108713 0.108713 2 2 3
0.200064 0.108731 0.108731 2 2 3
0.200574 0.108749 0.108749 2 2 3
0.201084 0.108767 0.108767 2 2 3
0.201594 0.108785 0.108785 2 2 3
0.202103 0.108803 0.108803 2 2 3
0.202613 0.108821 0.108821 2 2 3
0.203122 0.108839 0.108839 2 2 3
0.203632 0.108857 0.108857 2 2 3
0.204141 0.108875 0.108875 2 2 3
0.20465 0.108892 0.108892 2 2 3
0.20516 0.10891 0.10891 2 2 3
0.205669 0.108928 0.108928 2 2 3
0.206178 0.108946 0.108946 2 2 3
0.206686 0.108963 0.108963 2 2 3
0.207195 0.108981 0.108981 2 2 3
0.207704 0.108999 0.108999 2 2 3
0.208212 0.109016 0.109016 2 2 3
0.208721 0.109034 0.109034 2 2 3
0.20923 0.109051 0.109051 2 2 3
0.209738 0.109069 0.109069 2 2 3
0.210246 0.109086 0.109086 2 2 3
0.210755 0.109104 0.109104 2 2 3
0.211263 0.109121 0.109121 2 2 3
0.211771 0.109139 0.109139 2 2 3
0.212279 0.109156 0.109156 2 2 3
0.212787 0.109173 0.109173 2 2 3
0.213296 0.109191 0.109191 2 2 3
0.213804 0.109208 0.109208 2 2 3
0.214312 0.109225 0.109225 2 2 3
0.21482 0.109242 0.109242 2 2 3
0.215328 0.10926 0.10926 2 2 3
0.215836 0.109277 0.109277 2 2 3
0.216344 0.109294 0.109294 2 2 3
0.216852 0.109311 0.109311 2 2 3
0.21736 0.109328 0.109328 2 2 3
0.217868 0.109345 0.109345 2 2 3
0.218376 0.109362 0.109362 2 2 3
0.218884 0.109379 0.109379 2 2 3
0.219392 0.109396 0.109396 2 2 3
0.2199 0.109413 0.109413 2 2 3
0.220408 0.10943 0.10943 2 2 3
0.220916 0.109446 0.109446 2 2 3
0.221424 0.109463 0.109463 2 2 3
0.221932 0.10948 0.10948 2 2 3
0.22244 0.109497 0.109497 2 2 3
0.222948 0.109514 0.109514 2 2 3
0.223456 0.10953 0.10953 2 2 3
0.223965 0.109547 0.109547 2 2 3
0.224473 0.109564 0.109564 2 2 3
0.224981 0.10958 0.10958 2 2 3
0.22549 0.109597 0.109597 2 2 3
0.225998 0.109613 0.109613 2 2 3
0.226507 0.10963 0.10963 2 2 3
0.227015 0.109646 0.109646 2 2 3
0.227524 0.109663 0.109663 2 2 3
0.228033 0.109679 0.109679 2 2 3
0.228542 0.109696 0.109696 2 2 3
0.229051 0.109712 0.109712 2 2 3
0.22956 0.109728 0.109728 2 2 3
0.230069 0.109745 0.109745 2 2 3
0.230578 0.109761 0.109761 2 2 3
0.231087 0.109777 0.109777 2 2 3
0.231597 0.109793 0.109793 2 2 3
0.232106 0.10981 0.10981 2 2 3
0.232616 0.109826 0.109826 2 2 3
0.233126 0.109842 0.109842 2 2 3
0.233636 0.109858 0.109858 2 2 3
0.234146 0.109874 0.109874 2 2 3
0.234656 0.10989 0.10989 2 2 3
0.235166 0.109906 0.109906 2 2 3
0.235677 0.109922 0.109922 2 2 3
0.236187 0.109938 0.109938 2 2 3
0.236698 0.109954 0.109954 2 2 3
0.237209 0.10997 0.10997 2 2 3
0.23772 0.109986 0.109986 2 2 3
0.238231 0.110002 0.110002 2 2 3
0.238742 0.110018 0.110018 2 2 3
0.239254 0.110034 0.110034 2 2 3
0.239765 0.11005 0.11005 2 2 3
0.240277 0.110065 0.110065 2 2 3
0.240789 0.110081 0.110081 2 2 3
0.241301 0.110097 0.110097 2 2 3
0.241814 0.110112 0.110112 2 2 3
0.242326 0.110128 0.110128 2 2 3
0.242839 0.110144 0.110144 2 2 3
0.243352 0.110159 0.110159 2 2 3
0.243865 0.110175 0.110175 2 2 3
0.244378 0.110191 0.110191 2 2 3
0.244892 0.110206 0.110206 2 2 3
0.245405 0.110222 0.110222 2 2 3
0.245919 0.110237 0.110237 2 2 3
0.246434 0.110252 0.110252 2 2 3
0.246948 0.110268 0.110268 2 2 3
0.247463 0.110283 0.110283 2 2 3
0.247978 0.110299 0.110299 2 2 3
0.248493 0.110314 0.110314 2 2 3
0.249008 0.110329 0.110329 2 2 3
0.249524 0.110345 0.110345 2 2 3
0.250039 0.11036 0.11036 2 2 3
0.250555 0.110375 0.110375 2 2 3
0.251072 0.11039 0.11039 2 2 3
0.251588 0.110405 0.110405 2 2 3
0.252105 0.110421 0.110421 2 2 3
0.252622 0.110436 0.110436 2 2 3
0.25314 0.110451 0.110451 2 2 3
0.253658 0.110466 0.110466 2 2 3
0.254176 0.110481 0.110481 2 2 3
0.254694 0.110496 0.110496 2 2 3
0.255212 0.110511 0.110511 2 2 3
0.255731 0.110526 0.110526 2 2 3
0.25625 0.110541 0.110541 2 2 3
0.25677 0.110556 0.110556 2 2 3
0.257289 0.110571 0.110571 2 2 3
0.25781 0.110586 0.110586 2 2 3
0.25833 0.1106 0.1106 2 2 3
0.258851 0.110615 0.110615 2 2 3
0.259372 0.11063 0.11063 2 2 3
0.259893 0.110645 0.110645 2 2 3
0.260415 0.110659 0.110659 2 2 3
0.260937 0.110674 0.110674 2 2 3
0.261459 0.110689 0.110689 2 2 3
0.261982 0.110703 0.110703 2 2 3
0.262505 0.110718 0.110718 2 2 3
0.263028 0.110733 0.110733 2 2 3
0.263552 0.110747 0.110747 2 2 3
0.264076 0.110762 0.110762 2 2 3
0.2646 0.110776 0.110776 2 2 3
0.265125 0.110791 0.110791 2 2 3
0.26565 0.110805 0.110805 2 2 3
0.266176 0.11082 0.11082 2 2 3
0.266702 0.110834 0.110834 2 2 3
0.267228 0.110848 0.110848 2 2 3
0.267755 0.110863 0.110863 2 2 3
0.268282 0.110877 0.110877 2 2 3
0.26881 0.110891 0.110891 2 2 3
0.269338 0.110906 0.110906 2 2 3
0.269866 0.11092 0.11092 2 2 3
0.270395 0.110934 0.110934 2 2 3
0.270924 0.110948 0.110948 2 2 3
0.271454 0.110963 0.110963 2 2 3
0.271984 0.110977 0.110977 2 2 3
0.272514 0.110991 0.110991 2 2 3
0.273045 0.111005 0.111005 2 2 3
0.273577 0.111019 0.111019 2 2 3
0.274108 0.111033 0.111033 2 2 3
0.274641 0.111047 0.111047 2 2 3
0.275173 0.111061 0.111061 2 2 3
0.275707 0.111075 0.111075 2 2 3
0.27624 0.111089 0.111089 2 2 3
0.276774 0.111103 0.111103 2 2 3
0.277309 0.111117 0.111117 2 2 3
0.277844 0.111131 0.111131 2 2 3
0.27838 0.111144 0.111144 2 2 3
0.278916 0.111158 0.111158 2 2 3
0.279452 0.111172 0.111172 2 2 3
0.279989 0.111186 0.111186 2 2 3
0.280527 0.111199 0.111199 2 2 3
0.281065 0.111213 0.111213 2 2 3
0.281603 0.111227 0.111227 2 2 3
0.282142 0.11124 0.11124 2 2 3
0.282682 0.111254 0.111254 2 2 3
0.283222 0.111267 0.111267 2 2 3
0.283763 0.111281 0.111281 2 2 3
0.284304 0.111295 0.111295 2 2 3
0.284845 0.111308 0.111308 2 2 3
0.285388 0.111322 0.111322 2 2 3
0.28593 0.111335 0.111335 2 2 3
0.286474 0.111348 0.111348 2 2 3
0.287018 0.111362 0.111362 2 2 3
0.287562 0.111375 0.111375 2 2 3
0.288107 0.111388 0.111388 2 2 3
0.288653 0.111402 0.111402 2 2 3
0.289199 0.111415 0.111415 2 2 3
0.289746 0.111428 0.111428 2 2 3
0.290293 0.111441 0.111441 2 2 3
0.290841 0.111455 0.111455 2 2 3
0.29139 0.111468 0.111468 2 2 3
0.291939 0.111481 0.111481 2 2 3
0.292489 0.111494 0.111494 2 2 3
0.293039 0.111507 0.111507 2 2 3
0.29359 0.11152 0.11152 2 2 3
0.294142 0.111533 0.111533 2 2 3
0.294694 0.111546 0.111546 2 2 3
0.295247 0.111559 0.111559 2 2 3
0.2958 0.111572 0.111572 2 2 3
0.296354 0.111585 0.111585 2 2 3
0.296909 0.111598 0.111598 2 2 3
0.297465 0.111611 0.111611 2 2 3
0.298021 0.111623 0.111623 2 2 3
0.298578 0.111636 0.111636 2 2 3
0.299135 0.111649 0.111649 2 2 3
0.299693 0.111662 0.111662 2 2 3
0.300252 0.111674 0.111674 2 2 3
0.300812 0.111687 0.111687 2 2 3
0.301372 0.1117 0.1117 2 2 3
0.301933 0.111712 0.111712 2 2 3
0.302494 0.111725 0.111725 2 2 3
0.303057 0.111737 0.111737 2 2 3
0.30362 0.11175 0.11175 2 2 3
0.304183 0.111762 0.111762 2 2 3
0.304748 0.111775 0.111775 2 2 3
0.305313 0.111787 0.111787 2 2 3
0.305879 0.1118 0.1118 2 2 3
0.306446 0.111812 0.111812 2 2 3
0.307013 0.111824 0.111824 2 2 3
0.307581 0.111836 0.111836 2 2 3
0.30815 0.111849 0.111849 2 2 3
0.30872 0.111861 0.111861 2 2 3
0.30929 0.111873 0.111873 2 2 3
0.309861 0.111885 0.111885 2 2 3
0.310434 0.111897 0.111897 2 2 3
0.311006 0.11191 0.11191 2 2 3
0.31158 0.111922 0.111922 2 2 3
0.312154 0.111934 0.111934 2 2 3
0.312729 0.111946 0.111946 2 2 3
0.313306 0.111958 0.111958 2 2 3
0.313882 0.11197 0.11197 2 2 3
0.31446 0.111982 0.111982 2 2 3
0.315038 0.111993 0.111993 2 2 3
0.315618 0.112005 0.112005 2 2 3
0.316198 0.112017 0.112017 2 2 3
0.316779 0.112029 0.112029 2 2 3
0.317361 0.112041 0.112041 2 2 3
0.317943 0.112052 0.112052 2 2 3
0.318527 0.112064 0.112064 2 2 3
0.319111 0.112076 0.112076 2 2 3
0.319697 0.112087 0.112087 2 2 3
0.320283 0.112099 0.112099 2 2 3
0.32087 0.11211 0.11211 2 2 3
0.321458 0.112122 0.112122 2 2 3
0.322047 0.112133 0.112133 2 2 3
0.322636 0.112145 0.112145 2 2 3
0.323227 0.112156 0.112156 2 2 3
0.323819 0.112167 0.112167 2 2 3
0.324411 0.112179 0.112179 2 2 3
0.325005 0.11219 0.11219 2 2 3
0.325599 0.112201 0.112201 2 2 3
0.326194 0.112213 0.112213 2 2 3
0.326791 0.112224 0.112224 2 2 3
0.327388 0.112235 0.112235 2 2 3
0.327986 0.112246 0.112246 2 2 3
0.328585 0.112257 0.112257 2 2 3
0.329186 0.112268 0.112268 2 2 3
0.329787 0.112279 0.112279 2 2 3
0.330389 0.11229 0.11229 2 2 3
0.330992 0.112301 0.112301 2 2 3
0.331596 0.112312 0.112312 2 2 3
0.332201 0.112323 0.112323 2 2 3
0.332807 0.112334 0.112334 2 2 3
0.333414 0.112344 0.112344 2 2 3
0.334023 0.112355 0.112355 2 2 3
0.334632 0.112366 0.112366 2 2 3
0.335242 0.112376 0.112376 2 2 3
0.335853 0.112387 0.112387 2 2 3
0.336466 0.112398 0.112398 2 2 3
0.337079 0.112408 0.112408 2 2 3
0.337694 0.112419 0.112419 2 2 3
0.338309 0.112429 0.112429 2 2 3
0.338926 0.11244 0.11244 2 2 3
0.339544 0.11245 0.11245 2 2 3
0.340163 0.11246 0.11246 2 2 3
0.340783 0.112471 0.112471 2 2 3
0.341404 0.112481 0.112481 2 2 3
0.342026 0.112491 0.112491 2 2 3
0.342649 0.112501 0.112501 2 2 3
0.343274 0.112511 0.112511 2 2 3
0.343899 0.112521 0.112521 2 2 3
0.344526 0.112531 0.112531 2 2 3
0.345154 0.112541 0.112541 2 2 3
0.345783 0.112551 0.112551 2 2 3
0.346413 0.112561 0.112561 2 2 3
0.347045 0.112571 0.112571 2 2 3
0.347677 0.112581 0.112581 2 2 3
0.348311 0.112591 0.112591 2 2 3
0.348946 0.1126 0.1126 2 2 3
0.349583 0.11261 0.11261 2 2 3
0.35022 0.11262 0.11262 2 2 3
0.350859 0.112629 0.112629 2 2 3
0.351499 0.112639 0.112639 2 2 3
0.35214 0.112648 0.112648 2 2 3
0.352782 0.112658 0.112658 2 2 3
0.353426 0.112667 0.112667 2 2 3
0.354071 0.112677 0.112677 2 2 3
0.354717 0.112686 0.112686 2 2 3
0.355364 0.112695 0.112695 2 2 3
0.356013 0.112704 0.112704 2 2 3
0.356663 0.112714 0.112714 2 2 3
0.357314 0.112723 0.112723 2 2 3
0.357968 0.112732 0.112732 2 2 3
0.358621 0.112741 0.112741 2 2 3
0.359276 0.11275 0.11275 2 2 3
0.359933 0.112759 0.112759 2 2 3
0.360591 0.112768 0.112768 2 2 3
0.36125 0.112776 0.112776 2 2 3
0.361912 0.112785 0.112785 2 2 3
0.362574 0.112794 0.112794 2 2 3
0.363238 0.112803 0.112803 2 2 3
0.363902 0.112811 0.112811 2 2 3
0.364569 0.11282 0.11282 2 2 3
0.365236 0.112828 0.112828 2 2 3
0.365905 0.112837 0.112837 2 2 3
0.366576 0.112845 0.112845 2 2 3
0.367248 0.112853 0.112853 2 2 3
0.367921 0.112862 0.112862 2 2 3
0.368596 0.11287 0.11287 2 2 3
0.369272 0.112878 0.112878 2 2 3
0.36995 0.112886 0.112886 2 2 3
0.370629 0.112894 0.112894 2 2 3
0.371309 0.112902 0.112902 2 2 3
0.371992 0.11291 0.11291 2 2 3
0.372675 0.112918 0.112918 2 2 3
0.37336 0.112926 0.112926 2 2 3
0.374047 0.112934 0.112934 2 2 3
0.374735 0.112941 0.112941 2 2 3
0.375425 0.112949 0.112949 2 2 3
0.376116 0.112957 0.112957 2 2 3
0.376809 0.112964 0.112964 2 2 3
0.377503 0.112972 0.112972 2 2 3
0.378199 0.112979 0.112979 2 2 3
0.378897 0.112987 0.112987 2 2 3
0.379596 0.112994 0.112994 2 2 3
0.380297 0.113001 0.113001 2 2 3
0.380999 0.113008 0.113008 2 2 3
0.381703 0.113015 0.113015 2 2 3
0.382408 0.113022 0.113022 2 2 3
0.383116 0.113029 0.113029 2 2 3
0.383824 0.113036 0.113036 2 2 3
0.384535 0.113043 0.113043 2 2 3
0.385247 0.11305 0.11305 2 2 3
0.385961 0.113057 0.113057 2 2 3
0.386677 0.113063 0.113063 2 2 3
0.387394 0.11307 0.11307 2 2 3
0.388113 0.113076 0.113076 2 2 3
0.388833 0.113083 0.113083 2 2 3
0.389556 0.113089 0.113089 2 2 3
0.39028 0.113095 0.113095 2 2 3
0.391006 0.113102 0.113102 2 2 3
0.391733 0.113108 0.113108 2 2 3
0.392463 0.113114 0.113114 2 2 3
0.393194 0.11312 0.11312 2 2 3
0.393927 0.113126 0.113126 2 2 3
0.394662 0.113132 0.113132 2 2 3
0.395398 0.113137 0.113137 2 2 3
0.396137 0.113143 0.113143 2 2 3
0.396877 0.113149 0.113149 2 2 3
0.397619 0.113154 0.113154 2 2 3
0.398363 0.11316 0.11316 2 2 3
0.399109 0.113165 0.113165 2 2 3
0.399856 0.11317 0.11317 2 2 3
0.400606 0.113176 0.113176 2 2 3
0.401357 0.113181 0.113181 2 2 3
0.402111 0.113186 0.113186 2 2 3
0.402866 0.113191 0.113191 2 2 3
0.403623 0.113196 0.113196 2 2 3
0.404382 0.113201 0.113201 2 2 3
0.405143 0.113205 0.113205 2 2 3
0.405906 0.11321 0.11321 2 2 3
0.406671 0.113215 0.113215 2 2 3
0.407438 0.113219 0.113219 2 2 3
0.408207 0.113224 0.113224 2 2 3
0.408978 0.113228 0.113228 2 2 3
0.409751 0.113232 0.113232 2 2 3
0.410526 0.113236 0.113236 2 2 3
0.411303 0.11324 0.11324 2 2 3
0.412082 0.113244 0.113244 2 2 3
0.412863 0.113248 0.113248 2 2 3
0.413646 0.113252 0.113252 2 2 3
0.414432 0.113256 0.113256 2 2 3
0.415219 0.113259 0.113259 2 2 3
0.416008 0.113263 0.113263 2 2 3
0.4168 0.113266 0.113266 2 2 3
0.417594 0.11327 0.11327 2 2 3
0.41839 0.113273 0.113273 2 2 3
0.419188 0.113276 0.113276 2 2 3
0.419988 0.113279 0.113279 2 2 3
0.42079 0.113282 0.113282 2 2 3
0.421595 0.113285 0.113285 2 2 3
0.422402 0.113288 0.113288 2 2 3
0.423211 0.11329 0.11329 2 2 3
0.424022 0.113293 0.113293 2 2 3
0.424835 0.113295 0.113295 2 2 3
0.425651 0.113298 0.113298 2 2 3
0.426469 0.1133 0.1133 2 2 3
0.427289 0.113302 0.113302 2 2 3
0.428112 0.113304 0.113304 2 2 3
0.428936 0.113306 0.113306 2 2 3
0.429764 0.113308 0.113308 2 2 3
0.430593 0.113309 0.113309 2 2 3
0.431425 0.113311 0.113311 2 2 3
0.432259 0.113312 0.113312 2 2 3
0.433095 0.113314 0.113314 2 2 3
0.433934 0.113315 0.113315 2 2 3
0.434775 0.113316 0.113316 2 2 3
0.435619 0.113317 0.113317 2 2 3
0.436465 0.113318 0.113318 2 2 3
0.437314 0.113319 0.113319 2 2 3
0.438165 0.11332 0.11332 2 2 3
0.439018 0.11332 0.11332 2 2 3
0.439874 0.113321 0.113321 2 2 3
0.440732 0.113321 0.113321 2 2 3
0.441593 0.113321 0.113321 2 2 3
0.442456 0.113321 0.113321 2 2 3
0.443322 0.113321 0.113321 2 2 3
0.44419 0.113321 0.113321 2 2 3
0.445061 0.113321 0.113321 2 2 3
0.445935 0.11332 0.11332 2 2 3
0.446811 0.11332 0.11332 2 2 3
0.447689 0.113319 0.113319 2 2 3
0.44857 0.113318 0.113318 2 2 3
0.449454 0.113317 0.113317 2 2 3
0.45034 0.113316 0.113316 2 2 3
0.451229 0.113315 0.113315 2 2 3
0.452121 0.113314 0.113314 2 2 3
0.453015 0.113312 0.113312 2 2 3
0.453912 0.113311 0.113311 2 2 3
0.454812 0.113309 0.113309 2 2 3
0.455715 0.113307 0.113307 2 2 3
0.45662 0.113305 0.113305 2 2 3
0.457527 0.113303 0.113303 2 2 3
0.458438 0.1133 0.1133 2 2 3
0.459351 0.113298 0.113298 2 2 3
0.460267 0.113295 0.113295 2 2 3
0.461186 0.113293 0.113293 2 2 3
0.462108 0.11329 0.11329 2 2 3
0.463032 0.113287 0.113287 2 2 3
0.46396 0.113283 0.113283 2 2 3
0.46489 0.11328 0.11328 2 2 3
0.465823 0.113277 0.113277 2 2 3
0.466758 0.113273 0.113273 2 2 3
0.467697 0.113269 0.113269 2 2 3
0.468639 0.113265 0.113265 2 2 3
0.469583 0.113261 0.113261 2 2 3
0.47053 0.113257 0.113257 2 2 3
0.471481 0.113252 0.113252 2 2 3
0.472434 0.113248 0.113248 2 2 3
0.47339 0.113243 0.113243 2 2 3
0.474349 0.113238 0.113238 2 2 3
0.475312 0.113233 0.113233 2 2 3
0.476277 0.113228 0.113228 2 2 3
0.477245 0.113222 0.113222 2 2 3
0.478216 0.113217 0.113217 2 2 3
0.47919 0.113211 0.113211 2 2 3
0.480167 0.113205 0.113205 2 2 3
0.481148 0.113199 0.113199 2 2 3
0.482131 0.113193 0.113193 2 2 3
0.483118 0.113186 0.113186 2 2 3
0.484107 0.113179 0.113179 2 2 3
0.4851 0.113173 0.113173 2 2 3
0.486096 0.113166 0.113166 2 2 3
0.487095 0.113158 0.113158 2 2 3
0.488097 0.113151 0.113151 2 2 3
0.489102 0.113143 0.113143 2 2 3
0.490111 0.113136 0.113136 2 2 3
0.491123 0.113128 0.113128 2 2 3
0.492138 0.11312 0.11312 2 2 3
0.493156 0.113111 0.113111 2 2 3
0.494177 0.113103 0.113103 2 2 3
0.495202 0.113094 0.113094 2 2 3
0.49623 0.113085 0.113085 2 2 3
0.497261 0.113076 0.113076 2 2 3
0.498295 0.113067 0.113067 2 2 3
0.499333 0.113057 0.113057 2 2 3
0.500374 0.113048 0.113048 2 2 3
0.501418 0.113038 0.113038 2 2 3
0.502466 0.113027 0.113027 2 2 3
0.503517 0.113017 0.113017 2 2 3
0.504572 0.113007 0.113007 2 2 3
0.50563 0.112996 0.112996 2 2 3
0.506691 0.112985 0.112985 2 2 3
0.507756 0.112974 0.112974 2 2 3
0.508824 0.112962 0.112962 2 2 3
0.509895 0.112951 0.112951 2 2 3
0.51097 0.112939 0.112939 2 2 3
0.512049 0.112927 0.112927 2 2 3
0.513131 0.112915 0.112915 2 2 3
0.514216 0.112902 0.112902 2 2 3
0.515305 0.112889 0.112889 2 2 3
0.516397 0.112877 0.112877 2 2 3
0.517493 0.112863 0.112863 2 2 3
0.518592 0.11285 0.11285 2 2 3
0.519695 0.112836 0.112836 2 2 3
0.520802 0.112822 0.112822 2 2 3
0.521912 0.112808 0.112808 2 2 3
0.523026 0.112794 0.112794 2 2 3
0.524143 0.11278 0.11278 2 2 3
0.525264 0.112765 0.112765 2 2 3
0.526388 0.11275 0.11275 2 2 3
0.527516 0.112734 0.112734 2 2 3
0.528648 0.112719 0.112719 2 2 3
0.529783 0.112703 0.112703 2 2 3
0.530922 0.112687 0.112687 2 2 3
0.532065 0.112671 0.112671 2 2 3
0.533211 0.112654 0.112654 2 2 3
0.534361 0.112637 0.112637 2 2 3
0.535515 0.11262 0.11262 2 2 3
0.536672 0.112603 0.112603 2 2 3
0.537833 0.112585 0.112585 2 2 3
0.538998 0.112568 0.112568 2 2 3
0.540166 0.11255 0.11255 2 2 3
0.541339 0.112531 0.112531 2 2 3
0.542515 0.112513 0.112513 2 2 3
0.543695 0.112494 0.112494 2 2 3
0.544878 0.112475 0.112475 2 2 3
0.546065 0.112455 0.112455 2 2 3
0.547257 0.112435 0.112435 2 2 3
0.548452 0.112416 0.112416 2 2 3
0.54965 0.112395 0.112395 2 2 3
0.550853 0.112375 0.112375 2 2 3
0.552059 0.112354 0.112354 2 2 3
0.553269 0.112333 0.112333 2 2 3
0.554483 0.112312 0.112312 2 2 3
0.555701 0.11229 0.11229 2 2 3
0.556923 0.112268 0.112268 2 2 3
0.558149 0.112246 0.112246 2 2 3
0.559378 0.112223 0.112223 2 2 3
0.560611 0.1122 0.1122 2 2 3
0.561848 0.112177 0.112177 2 2 3
0.56309 0.112154 0.112154 2 2 3
0.564335 0.11213 0.11213 2 2 3
0.565583 0.112106 0.112106 2 2 3
0.566836 0.112082 0.112082 2 2 3
0.568093 0.112058 0.112058 2 2 3
0.569353 0.112033 0.112033 2 2 3
0.570618 0.112007 0.112007 2 2 3
0.571886 0.111982 0.111982 2 2 3
0.573159 0.111956 0.111956 2 2 3
0.574435 0.11193 0.11193 2 2 3
0.575715 0.111904 0.111904 2 2 3
0.576999 0.111877 0.111877 2 2 3
0.578287 0.11185 0.11185 2 2 3
0.579579 0.111823 0.111823 2 2 3
0.580875 0.111795 0.111795 2 2 3
0.582175 0.111767 0.111767 2 2 3
0.583479 0.111739 0.111739 2 2 3
0.584787 0.11171 0.11171 2 2 3
0.586099 0.111681 0.111681 2 2 3
0.587415 0.111652 0.111652 2 2 3
0.588734 0.111622 0.111622 2 2 3
0.590058 0.111592 0.111592 2 2 3
0.591386 0.111562 0.111562 2 2 3
0.592717 0.111532 0.111532 2 2 3
0.594053 0.111501 0.111501 2 2 3
0.595392 0.11147 0.11147 2 2 3
0.596736 0.111438 0.111438 2 2 3
0.598083 0.111406 0.111406 2 2 3
0.599435 0.111374 0.111374 2 2 3
0.60079 0.111341 0.111341 2 2 3
0.60215 0.111308 0.111308 2 2 3
0.603513 0.111275 0.111275 2 2 3
0.604881 0.111242 0.111242 2 2 3
0.606252 0.111208 0.111208 2 2 3
0.607627 0.111173 0.111173 2 2 3
0.609006 0.111139 0.111139 2 2 3
0.610389 0.111104 0.111104 2 2 3
0.611777 0.111069 0.111069 2 2 3
0.613168 0.111033 0.111033 2 2 3
0.614563 0.110997 0.110997 2 2 3
0.615962 0.110961 0.110961 2 2 3
0.617365 0.110924 0.110924 2 2 3
0.618771 0.110887 0.110887 2 2 3
0.620182 0.11085 0.11085 2 2 3
0.621597 0.110812 0.110812 2 2 3
0.623015 0.110774 0.110774 2 2 3
0.624438 0.110735 0.110735 2 2 3
0.625864 0.110697 0.110697 2 2 3
0.627295 0.110657 0.110657 2 2 3
0.628729 0.110618 0.110618 2 2 3
0.630167 0.110578 0.110578 2 2 3
0.631609 0.110538 0.110538 2 2 3
0.633055 0.110497 0.110497 2 2 3
0.634505 0.110456 0.110456 2 2 3
0.635959 0.110415 0.110415 2 2 3
0.637416 0.110373 0.110373 2 2 3
0.638877 0.110331 0.110331 2 2 3
0.640343 0.110289 0.110289 2 2 3
0.641812 0.110246 0.110246 2 2 3
0.643285 0.110203 0.110203 2 2 3
0.644761 0.11016 0.11016 2 2 3
0.646242 0.110116 0.110116 2 2 3
0.647726 0.110072 0.110072 2 2 3
0.649214 0.110027 0.110027 2 2 3
0.650706 0.109982 0.109982 2 2 3
0.652201 0.109937 0.109937 2 2 3
0.653701 0.109891 0.109891 2 2 3
0.655204 0.109845 0.109845 2 2 3
0.656711 0.109799 0.109799 2 2 3
0.658221 0.109752 0.109752 2 2 3
0.659735 0.109705 0.109705 2 2 3
0.661253 0.109658 0.109658 2 2 3
0.662775 0.10961 0.10961 2 2 3
0.6643 0.109562 0.109562 2 2 3
0.665829 0.109513 0.109513 2 2 3
0.667362 0.109464 0.109464 2 2 3
0.668898 0.109415 0.109415 2 2 3
0.670438 0.109365 0.109365 2 2 3
0.671982 0.109315 0.109315 2 2 3
0.673529 0.109265 0.109265 2 2 3
0.675079 0.109214 0.109214 2 2 3
0.676634 0.109163 0.109163 2 2 3
0.678191 0.109111 0.109111 2 2 3
0.679753 0.10906 0.10906 2 2 3
0.681318 0.109007 0.109007 2 2 3
0.682886 0.108955 0.108955 2 2 3
0.684458 0.108902 0.108902 2 2 3
0.686033 0.108849 0.108849 2 2 3
0.687612 0.108795 0.108795 2 2 3
0.689194 0.108741 0.108741 2 2 3
0.69078 0.108686 0.108686 2 2 3
0.692369 0.108632 0.108632 2 2 3
0.693962 0.108577 0.108577 2 2 3
0.695557 0.108521 0.108521 2 2 3
0.697157 0.108465 0.108465 2 2 3
0.698759 0.108409 0.108409 2 2 3
0.700365 0.108353 0.108353 2 2 3
0.701974 0.108296 0.108296 2 2 3
0.703587 0.108238 0.108238 2 2 3
0.705203 0.108181 0.108181 2 2 3
0.706822 0.108123 0.108123 2 2 3
0.708444 0.108065 0.108065 2 2 3
0.71007 0.108006 0.108006 2 2 3
0.711698 0.107947 0.107947 2 2 3
0.71333 0.107888 0.107888 2 2 3
0.714965 0.107828 0.107828 2 2 3
0.716604 0.107768 0.107768 2 2 3
0.718245 0.107707 0.107707 2 2 3
0.71989 0.107647 0.107647 2 2 3
0.721537 0.107585 0.107585 2 2 3
0.723188 0.107524 0.107524 2 2 3
0.724842 0.107462 0.107462 2 2 3
0.726499 0.1074 0.1074 2 2 3
0.728158 0.107338 0.107338 2 2 3
0.729821 0.107275 0.107275 2 2 3
0.731487 0.107212 0.107212 2 2 3
0.733156 0.107148 0.107148 2 2 3
0.734828 0.107084 0.107084 2 2 3
0.736502 0.10702 0.10702 2 2 3
0.73818 0.106956 0.106956 2 2 3
0.73986 0.106891 0.106891 2 2 3
0.741544 0.106826 0.106826 2 2 3
0.74323 0.10676 0.10676 2 2 3
0.744919 0.106694 0.106694 2 2 3
0.746611 0.106628 0.106628 2 2 3
0.748305 0.106562 0.106562 2 2 3
0.750003 0.106495 0.106495 2 2 3
0.751703 0.106428 0.106428 2 2 3
0.753406 0.106361 0.106361 2 2 3
0.755111 0.106293 0.106293 2 2 3
0.75682 0.106225 0.106225 2 2 3
0.758531 0.106157 0.106157 2 2 3
0.760244 0.106088 0.106088 2 2 3
0.76196 0.106019 0.106019 2 2 3
0.763679 0.10595 0.10595 2 2 3
0.765401 0.10588 0.10588 2 2 3
0.767125 0.10581 0.10581 2 2 3
0.768851 0.10574 0.10574 2 2 3
0.77058 0.10567 0.10567 2 2 3
0.772312 0.105599 0.105599 2 2 3
0.774046 0.105528 0.105528 2 2 3
0.775783 0.105456 0.105456 2 2 3
0.777522 0.105385 0.105385 2 2 3
0.779263 0.105313 0.105313 2 2 3
0.781007 0.10524 0.10524 2 2 3
0.782754 0.105168 0.105168 2 2 3
0.784502 0.105095 0.105095 2 2 3
0.786253 0.105022 0.105022 2 2 3
0.788007 0.104949 0.104949 2 2 3
0.789762 0.104875 0.104875 2 2 3
0.79152 0.104801 0.104801 2 2 3
0.793281 0.104727 0.104727 2 2 3
0.795043 0.104652 0.104652 2 2 3
0.796808 0.104578 0.104578 2 2 3
0.798575 0.104503 0.104503 2 2 3
0.800344 0.104427 0.104427 2 2 3
0.802115 0.104352 0.104352 2 2 3
0.803889 0.104276 0.104276 2 2 3
0.805665 0.1042 0.1042 2 2 3
0.807442 0.104123 0.104123 2 2 3
0.809222 0.104047 0.104047 2 2 3
0.811004 0.10397 0.10397 2 2 3
0.812788 0.103893 0.103893 2 2 3
0.814574 0.103816 0.103816 2 2 3
0.816363 0.103738 0.103738 2 2 3
0.818153 0.10366 0.10366 2 2 3
0.819945 0.103582 0.103582 2 2 3
0.821739 0.103504 0.103504 2 2 3
0.823535 0.103425 0.103425 2 2 3
0.825333 0.103346 0.103346 2 2 3
0.827133 0.103267 0.103267 2 2 3
0.828935 0.103188 0.103188 2 2 3
0.830739 0.103109 0.103109 2 2 3
0.832544 0.103029 0.103029 2 2 3
0.834352 0.102949 0.102949 2 2 3
0.836161 0.102869 0.102869 2 2 3
0.837971 0.102789 0.102789 2 2 3
0.839784 0.102708 0.102708 2 2 3
0.841598 0.102627 0.102627 2 2 3
0.843415 0.102546 0.102546 2 2 3
0.845233 0.102465 0.102465 2 2 3
0.847053 0.102384 0.102384 2 2 3
0.848875 0.102302 0.102302 2 2 3
0.850698 0.10222 0.10222 2 2 3
0.852523 0.102138 0.102138 2 2 3
0.85435 0.102056 0.102056 2 2 3
0.856179 0.101973 0.101973 2 2 3
0.858009 0.101891 0.101891 2 2 3
0.85984 0.101808 0.101808 2 2 3
0.861674 0.101725 0.101725 2 2 3
0.863509 0.101642 0.101642 2 2 3
0.865345 0.101558 0.101558 2 2 3
0.867183 0.101475 0.101475 2 2 3
0.869023 0.101391 0.101391 2 2 3
0.870864 0.101307 0.101307 2 2 3
0.872706 0.101223 0.101223 2 2 3
0.87455 0.101139 0.101139 2 2 3
0.876396 0.101054 0.101054 2 2 3
0.878243 0.100969 0.100969 2 2 3
0.880091 0.100885 0.100885 2 2 3
0.881941 0.1008 0.1008 2 2 3
0.883793 0.100714 0.100714 2 2 3
0.885645 0.100629 0.100629 2 2 3
0.8875 0.100544 0.100544 2 2 3
0.889355 0.100458 0.100458 2 2 3
0.891212 0.100372 0.100372 2 2 3
0.89307 0.100286 0.100286 2 2 3
0.89493 0.1002 0.1002 2 2 3
0.896791 0.100114 0.100114 2 2 3
0.898653 0.100028 0.100028 2 2 3
0.900516 0.0999412 0.0999412 2 2 3
0.902381 0.0998546 0.0998546 2 2 3
0.904247 0.0997678 0.0997678 2 2 3
0.906115 0.0996808 0.0996808 2 2 3
0.907983 0.0995938 0.0995938 2 2 3
0.909853 0.0995066 0.0995066 2 2 3
0.911724 0.0994193 0.0994193 2 2 3
0.913596 0.0993318 0.0993318 2 2 3
0.91547 0.0992442 0.0992442 2 2 3
0.917344 0.0991565 0.0991565 2 2 3
0.91922 0.0990687 0.0990687 2 2 3
0.921097 0.0989807 0.0989807 2 2 3
0.922975 0.0988927 0.0988927 2 2 3
0.924854 0.0988045 0.0988045 2 2 3
0.926735 0.0987162 0.0987162 2 2 3
0.928616 0.0986278 0.0986278 2 2 3
0.930499 0.0985393 0.0985393 2 2 3
0.932382 0.0984506 0.0984506 2 2 3
0.934267 0.0983619 0.0983619 2 2 3
0.936153 0.0982731 0.0982731 2 2 3
0.93804 0.0981841 0.0981841 2 2 3
0.939927 0.0980951 0.0980951 2 2 3
0.941816 0.098006 0.098006 2 2 3
0.943706 0.0979167 0.0979167 2 2 3
0.945597 0.0978274 0.0978274 2 2 3
0.947489 0.097738 0.097738 2 2 3
0.949382 0.0976485 0.0976485 2 2 3
0.951276 0.0975589 0.0975589 2 2 3
0.953171 0.0974692 0.0974692 2 2 3
0.955067 0.0973794 0.0973794 2 2 3
0.956963 0.0972896 0.0972896 2 2 3
0.958861 0.0971997 0.0971997 2 2 3
0.96076 0.0971097 0.0971097 2 2 3
0.962659 0.0970196 0.0970196 2 2 3
0.96456 0.0969294 0.0969294 2 2 3
0.966461 0.0968392 0.0968392 2 2 3
0.968363 0.0967489 0.0967489 2 2 3
0.970266 0.0966585 0.0966585 2 2 3
0.97217 0.0965681 0.0965681 2 2 3
0.974075 0.0964776 0.0964776 2 2 3
0.975981 0.096387 0.096387 2 2 3
0.977888 0.0962964 0.0962964 2 2 3
0.979795 0.0962057 0.0962057 2 2 3
0.981703 0.0961149 0.0961149 2 2 3
0.983612 0.0960241 0.0960241 2 2 3
0.985522 0.0959333 0.0959333 2 2 3
0.987433 0.0958424 0.0958424 2 2 3
0.989344 0.0957514 0.0957514 2 2 3
0.991256 0.0956604 0.0956604 2 2 3
0.993169 0.0955693 0.0955693 2 2 3
0.995083 0.0954782 0.0954782 2 2 3
0.996998 0.095387 0.095387 2 2 3
0.998913 0.0952958 0.0952958 2 2 3
1.00083 0.0952046 0.0952046 2 2 3
