0 0.1 0.1 2 2 3
0.000105712 0.100029 0.100029 2 2 3
0.000211119 0.100058 0.100058 2 2 3
0.000422078 0.100116 0.100116 2 2 3
0.000843983 0.100232 0.100232 2 2 3
0.00168764 0.100465 0.100465 2 2 3
0.00337438 0.100932 0.100932 2 2 3
0.00674144 0.101886 0.101886 2 2 3
0.0115163 0.103266 0.103266 2 2 3
0.0162793 0.10468 0.10468 2 2 3
0.0210299 0.106129 0.106129 2 2 3
0.0257675 0.107615 0.107615 2 2 3
0.0304909 0.109138 0.109138 2 2 3
0.0351995 0.110701 0.110701 2 2 3
0.0398928 0.112303 0.112303 2 2 3
0.0445693 0.113947 0.113947 2 2 3
0.0492281 0.115633 0.115633 2 2 3
0.0538685 0.117363 0.117363 2 2 3
0.0584888 0.119138 0.119138 2 2 3
0.0630883 0.120959 0.120959 2 2 3
0.0676655 0.122827 0.122827 2 2 3
0.0722192 0.124744 0.124744 2 2 3
0.0767481 0.126711 0.126711 2 2 3
0.0812509 0.128729 0.128729 2 2 3
0.0857254 0.1308 0.1308 2 2 3
0.090171 0.132924 0.132924 2 2 3
0.0945848 0.135103 0.135103 2 2 3
0.0989667 0.137337 0.137337 2 2 3
0.103314 0.139629 0.139629 2 2 3
0.107625 0.141978 0.141978 2 2 3
0.111898 0.144386 0.144386 2 2 3
0.11613 0.146854 0.146854 2 2 3
0.120321 0.149382 0.149382 2 2 3
0.124468 0.151971 0.151971 2 2 3
0.12857 0.154622 0.154622 2 2 3
0.132623 0.157334 0.157334 2 2 3
0.136627 0.160108 0.160108 2 2 3
0.14058 0.162945 0.162945 2 2 3
0.144479 0.165844 0.165844 2 2 3
0.148322 0.168806 0.168806 2 2 3
0.152109 0.171828 0.171828 2 2 3
0.155837 0.174913 0.174913 2 2 3
0.159505 0.178057 0.178057 2 2 3
0.163112 0.181262 0.181262 2 2 3
0.166654 0.184526 0.184526 2 2 3
0.170133 0.187847 0.187847 2 2 3
0.173547 0.191225 0.191225 2 2 3
0.176895 0.194658 0.194658 2 2 3
0.180176 0.198146 0.198146 2 2 3
0.18339 0.201685 0.201685 2 2 3
0.186537 0.205276 0.205276 2 2 3
0.189615 0.208915 0.208915 2 2 3
0.192624 0.212602 0.212602 2 2 3
0.195566 0.216335 0.216335 2 2 3
0.198442 0.22011 0.22011 2 2 3
0.201249 0.223929 0.223929 2 2 3
0.203988 0.227787 0.227787 2 2 3
0.206663 0.231683 0.231683 2 2 3
0.209273 0.235616 0.235616 2 2 3
0.211817 0.239584 0.239584 2 2 3
0.214298 0.243585 0.243585 2 2 3
0.216717 0.247616 0.247616 2 2 3
0.219074 0.251678 0.251678 2 2 3
0.221373 0.255767 0.255767 2 2 3
0.223611 0.259883 0.259883 2 2 3
0.225792 0.264024 0.264024 2 2 3
0.227918 0.268188 0.268188 2 2 3
0.229988 0.272375 0.272375 2 2 3
0.232005 0.276582 0.276582 2 2 3
0.23397 0.280809 0.280809 2 2 3
0.235884 0.285055 0.285055 2 2 3
0.237748 0.289317 0.289317 2 2 3
0.239565 0.293596 0.293596 2 2 3
0.241334 0.29789 0.29789 2 2 3
0.243059 0.302198 0.302198 2 2 3
0.24474 0.30652 0.30652 2 2 3
0.246378 0.310854 0.310854 2 2 3
0.247974 0.3152 0.3152 2 2 3
0.249531 0.319556 0.319556 2 2 3
0.251048 0.323923 0.323923 2 2 3
0.252528 0.3283 0.3283 2 2 3
0.253971 0.332685 0.332685 2 2 3
0.255378 0.337079 0.337079 2 2 3
0.25675 0.34148 0.34148 2 2 3
0.258091 0.345889 0.345889 2 2 3
0.259398 0.350304 0.350304 2 2 3
0.260674 0.354726 0.354726 2 2 3
0.26192 0.359153 0.359153 2 2 3
0.263136 0.363586 0.363586 2 2 3
0.264323 0.368024 0.368024 2 2 3
0.265483 0.372466 0.372466 2 2 3
0.266616 0.376913 0.376913 2 2 3
0.267724 0.381364 0.381364 2 2 3
0.268805 0.385819 0.385819 2 2 3
0.269863 0.390277 0.390277 2 2 3
0.270897 0.394738 0.394738 2 2 3
0.271907 0.399203 0.399203 2 2 3
0.272896 0.403669 0.403669 2 2 3
0.273863 0.408139 0.408139 2 2 3
0.274808 0.41261 0.41261 2 2 3
0.275734 0.417084 0.417084 2 2 3
0.276639 0.421559 0.421559 2 2 3
0.277526 0.426037 0.426037 2 2 3
0.278394 0.430515 0.430515 2 2 3
0.279243 0.434995 0.434995 2 2 3
0.280075 0.439477 0.439477 2 2 3
0.28089 0.443959 0.443959 2 2 3
0.281688 0.448442 0.448442 2 2 3
0.282471 0.452927 0.452927 2 2 3
0.283237 0.457411 0.457411 2 2 3
0.283988 0.461897 0.461897 2 2 3
0.284724 0.466383 0.466383 2 2 3
0.285446 0.470869 0.470869 2 2 3
0.286154 0.475356 0.475356 2 2 3
0.286848 0.479843 0.479843 2 2 3
0.287529 0.48433 0.48433 2 2 3
0.288197 0.488817 0.488817 2 2 3
0.288852 0.493304 0.493304 2 2 3
0.289495 0.497791 0.497791 2 2 3
0.290126 0.502278 0.502278 2 2 3
0.290745 0.506764 0.506764 2 2 3
0.291353 0.511251 0.511251 2 2 3
0.29195 0.515737 0.515737 2 2 3
0.292536 0.520222 0.520222 2 2 3
0.293111 0.524707 0.524707 2 2 3
0.293676 0.529192 0.529192 2 2 3
0.294232 0.533676 0.533676 2 2 3
0.294777 0.53816 0.53816 2 2 3
0.295313 0.542642 0.542642 2 2 3
0.29584 0.547125 0.547125 2 2 3
0.296357 0.551606 0.551606 2 2 3
0.296866 0.556087 0.556087 2 2 3
0.297366 0.560567 0.560567 2 2 3
0.297858 0.565046 0.565046 2 2 3
0.298341 0.569525 0.569525 2 2 3
0.298817 0.574002 0.574002 2 2 3
0.299284 0.578479 0.578479 2 2 3
0.299744 0.582954 0.582954 2 2 3
0.300197 0.587429 0.587429 2 2 3
0.300642 0.591903 0.591903 2 2 3
0.30108 0.596375 0.596375 2 2 3
0.30151 0.600847 0.600847 2 2 3
0.301934 0.605318 0.605318 2 2 3
0.302352 0.609788 0.609788 2 2 3
0.302762 0.614256 0.614256 2 2 3
0.303167 0.618724 0.618724 2 2 3
0.303565 0.62319 0.62319 2 2 3
0.303957 0.627655 0.627655 2 2 3
0.304343 0.63212 0.63212 2 2 3
0.304723 0.636583 0.636583 2 2 3
0.305097 0.641044 0.641044 2 2 3
0.305466 0.645505 0.645505 2 2 3
0.305829 0.649964 0.649964 2 2 3
0.306186 0.654423 0.654423 2 2 3
0.306539 0.65888 0.65888 2 2 3
0.306886 0.663336 0.663336 2 2 3
0.307228 0.66779 0.66779 2 2 3
0.307565 0.672244 0.672244 2 2 3
0.307898 0.676696 0.676696 2 2 3
0.308225 0.681146 0.681146 2 2 3
0.308548 0.685596 0.685596 2 2 3
0.308866 0.690044 0.690044 2 2 3
0.30918 0.694491 0.694491 2 2 3
0.309489 0.698937 0.698937 2 2 3
0.309794 0.703382 0.703382 2 2 3
0.310095 0.707825 0.707825 2 2 3
0.310391 0.712267 0.712267 2 2 3
0.310684 0.716707 0.716707 2 2 3
0.310972 0.721146 0.721146 2 2 3
0.311257 0.725584 0.725584 2 2 3
0.311538 0.730021 0.730021 2 2 3
0.311814 0.734456 0.734456 2 2 3
0.312088 0.73889 0.73889 2 2 3
0.312357 0.743323 0.743323 2 2 3
0.312623 0.747754 0.747754 2 2 3
0.312886 0.752184 0.752184 2 2 3
0.313145 0.756613 0.756613 2 2 3
0.3134 0.76104 0.76104 2 2 3
0.313652 0.765466 0.765466 2 2 3
0.313901 0.769891 0.769891 2 2 3
0.314147 0.774314 0.774314 2 2 3
0.31439 0.778736 0.778736 2 2 3
0.314629 0.783157 0.783157 2 2 3
0.314866 0.787576 0.787576 2 2 3
0.315099 0.791994 0.791994 2 2 3
0.31533 0.796411 0.796411 2 2 3
0.315557 0.800826 0.800826 2 2 3
0.315782 0.80524 0.80524 2 2 3
0.316004 0.809653 0.809653 2 2 3
0.316223 0.814064 0.814064 2 2 3
0.31644 0.818474 0.818474 2 2 3
0.316654 0.822883 0.822883 2 2 3
0.316865 0.82729 0.82729 2 2 3
0.317074 0.831696 0.831696 2 2 3
0.31728 0.8361 0.8361 2 2 3
0.317484 0.840504 0.840504 2 2 3
0.317685 0.844906 0.844906 2 2 3
0.317884 0.849306 0.849306 2 2 3
0.31808 0.853706 0.853706 2 2 3
0.318275 0.858104 0.858104 2 2 3
0.318466 0.8625 0.8625 2 2 3
0.318656 0.866896 0.866896 2 2 3
0.318844 0.87129 0.87129 2 2 3
0.319029 0.875682 0.875682 2 2 3
0.319212 0.880074 0.880074 2 2 3
0.319393 0.884464 0.884464 2 2 3
0.319572 0.888853 0.888853 2 2 3
0.319749 0.89324 0.89324 2 2 3
0.319924 0.897626 0.897626 2 2 3
0.320097 0.902011 0.902011 2 2 3
0.320268 0.906395 0.906395 2 2 3
0.320437 0.910777 0.910777 2 2 3
0.320604 0.915158 0.915158 2 2 3
0.320769 0.919538 0.919538 2 2 3
0.320933 0.923917 0.923917 2 2 3
0.321094 0.928294 0.928294 2 2 3
0.321254 0.93267 0.93267 2 2 3
0.321412 0.937045 0.937045 2 2 3
0.321569 0.941418 0.941418 2 2 3
0.321723 0.94579 0.94579 2 2 3
0.321876 0.950161 0.950161 2 2 3
0.322028 0.954531 0.954531 2 2 3
0.322178 0.958899 0.958899 2 2 3
0.322326 0.963266 0.963266 2 2 3
0.322472 0.967632 0.967632 2 2 3
0.322618 0.971997 0.971997 2 2 3
0.322761 0.97636 0.97636 2 2 3
0.322903 0.980723 0.980723 2 2 3
0.323044 0.985084 0.985084 2 2 3
0.323183 0.989443 0.989443 2 2 3
0.32332 0.993802 0.993802 2 2 3
0.323457 0.998159 0.998159 2 2 3
0.323591 1.00252 1.00252 2 2 3
0.323725 1.00687 1.00687 2 2 3
0.323857 1.01122 1.01122 2 2 3
0.323988 1.01558 1.01558 2 2 3
0.324118 1.01993 1.01993 2 2 3
0.324247 1.02428 1.02428 2 2 3
0.324373 1.02863 1.02863 2 2 3
0.324499 1.03298 1.03298 2 2 3
0.324623 1.03732 1.03732 2 2 3
0.324746 1.04167 1.04167 2 2 3
0.324868 1.04601 1.04601 2 2 3
0.324989 1.05036 1.05036 2 2 3
0.325109 1.0547 1.0547 2 2 3
0.325227 1.05904 1.05904 2 2 3
0.325344 1.06338 1.06338 2 2 3
0.32546 1.06772 1.06772 2 2 3
0.325575 1.07206 1.07206 2 2 3
0.325689 1.07639 1.07639 2 2 3
0.325802 1.08073 1.08073 2 2 3
0.325914 1.08506 1.08506 2 2 3
0.326024 1.0894 1.0894 2 2 3
0.326134 1.09373 1.09373 2 2 3
0.326243 1.09806 1.09806 2 2 3
0.32635 1.10239 1.10239 2 2 3
0.326457 1.10672 1.10672 2 2 3
0.326563 1.11105 1.11105 2 2 3
0.326667 1.11537 1.11537 2 2 3
0.326771 1.1197 1.1197 2 2 3
0.326874 1.12402 1.12402 2 2 3
0.326976 1.12835 1.12835 2 2 3
0.327077 1.13267 1.13267 2 2 3
0.327177 1.13699 1.13699 2 2 3
0.327276 1.14131 1.14131 2 2 3
0.327375 1.14563 1.14563 2 2 3
0.327472 1.14995 1.14995 2 2 3
0.327569 1.15427 1.15427 2 2 3
0.327665 1.15858 1.15858 2 2 3
0.32776 1.1629 1.1629 2 2 3
0.327854 1.16721 1.16721 2 2 3
0.327947 1.17153 1.17153 2 2 3
0.32804 1.17584 1.17584 2 2 3
0.328132 1.18015 1.18015 2 2 3
0.328223 1.18446 1.18446 2 2 3
0.328313 1.18877 1.18877 2 2 3
0.328402 1.19308 1.19308 2 2 3
0.328491 1.19739 1.19739 2 2 3
0.328579 1.20169 1.20169 2 2 3
0.328667 1.206 1.206 2 2 3
0.328753 1.2103 1.2103 2 2 3
0.328839 1.21461 1.21461 2 2 3
0.328925 1.21891 1.21891 2 2 3
0.329009 1.22321 1.22321 2 2 3
0.329094 1.22752 1.22752 2 2 3
0.329177 1.23182 1.23182 2 2 3
0.32926 1.23612 1.23612 2 2 3
0.329342 1.24041 1.24041 2 2 3
0.329423 1.24471 1.24471 2 2 3
0.329504 1.24901 1.24901 2 2 3
0.329584 1.25331 1.25331 2 2 3
0.329664 1.2576 1.2576 2 2 3
0.329743 1.2619 1.2619 2 2 3
0.329822 1.26619 1.26619 2 2 3
0.3299 1.27048 1.27048 2 2 3
0.329977 1.27477 1.27477 2 2 3
0.330054 1.27907 1.27907 2 2 3
0.33013 1.28336 1.28336 2 2 3
0.330206 1.28765 1.28765 2 2 3
0.330282 1.29193 1.29193 2 2 3
0.330357 1.29622 1.29622 2 2 3
0.330431 1.30051 1.30051 2 2 3
0.330505 1.3048 1.3048 2 2 3
0.330578 1.30908 1.30908 2 2 3
0.330651 1.31337 1.31337 2 2 3
0.330724 1.31765 1.31765 2 2 3
0.330796 1.32194 1.32194 2 2 3
0.330867 1.32622 1.32622 2 2 3
0.330939 1.3305 1.3305 2 2 3
0.331009 1.33478 1.33478 2 2 3
0.33108 1.33907 1.33907 2 2 3
0.33115 1.34335 1.34335 2 2 3
0.331219 1.34763 1.34763 2 2 3
0.331289 1.3519 1.3519 2 2 3
0.331357 1.35618 1.35618 2 2 3
0.331426 1.36046 1.36046 2 2 3
0.331494 1.36474 1.36474 2 2 3
0.331562 1.36902 1.36902 2 2 3
0.331629 1.37329 1.37329 2 2 3
0.331697 1.37757 1.37757 2 2 3
0.331763 1.38184 1.38184 2 2 3
0.33183 1.38612 1.38612 2 2 3
0.331896 1.39039 1.39039 2 2 3
0.331962 1.39467 1.39467 2 2 3
0.332028 1.39894 1.39894 2 2 3
0.332094 1.40321 1.40321 2 2 3
0.332159 1.40748 1.40748 2 2 3
0.332224 1.41176 1.41176 2 2 3
0.332289 1.41603 1.41603 2 2 3
0.332353 1.4203 1.4203 2 2 3
0.332418 1.42457 1.42457 2 2 3
0.332482 1.42884 1.42884 2 2 3
0.332546 1.43311 1.43311 2 2 3
0.33261 1.43738 1.43738 2 2 3
0.332674 1.44165 1.44165 2 2 3
0.332738 1.44592 1.44592 2 2 3
0.332802 1.45019 1.45019 2 2 3
0.332865 1.45446 1.45446 2 2 3
0.332929 1.45872 1.45872 2 2 3
0.332992 1.46299 1.46299 2 2 3
0.333055 1.46726 1.46726 2 2 3
0.333119 1.47153 1.47153 2 2 3
0.333182 1.4758 1.4758 2 2 3
0.333246 1.48006 1.48006 2 2 3
0.333309 1.48433 1.48433 2 2 3
0.333373 1.4886 1.4886 2 2 3
0.333436 1.49287 1.49287 2 2 3
0.3335 1.49714 1.49714 2 2 3
0.333564 1.5014 1.5014 2 2 3
0.333628 1.50567 1.50567 2 2 3
0.333692 1.50994 1.50994 2 2 3
0.333757 1.51421 1.51421 2 2 3
0.333822 1.51848 1.51848 2 2 3
0.333887 1.52275 1.52275 2 2 3
0.333952 1.52702 1.52702 2 2 3
0.334018 1.53129 1.53129 2 2 3
0.334084 1.53556 1.53556 2 2 3
0.334151 1.53983 1.53983 2 2 3
0.334218 1.5441 1.5441 2 2 3
0.334286 1.54837 1.54837 2 2 3
0.334355 1.55264 1.55264 2 2 3
0.334424 1.55692 1.55692 2 2 3
0.334495 1.56119 1.56119 2 2 3
0.334566 1.56547 1.56547 2 2 3
0.334638 1.56974 1.56974 2 2 3
0.334711 1.57402 1.57402 2 2 3
0.334785 1.5783 1.5783 2 2 3
0.334861 1.58258 1.58258 2 2 3
0.334939 1.58686 1.58686 2 2 3
0.335018 1.59115 1.59115 2 2 3
0.335099 1.59543 1.59543 2 2 3
0.335182 1.59972 1.59972 2 2 3
0.335268 1.60401 1.60401 2 2 3
0.335357 1.6083 1.6083 2 2 3
0.335449 1.61259 1.61259 2 2 3
0.335545 1.61689 1.61689 2 2 3
0.335646 1.62119 1.62119 2 2 3
0.335752 1.62549 1.62549 2 2 3
0.335864 1.62979 1.62979 2 2 3
0.335986 1.63408 1.63408 2 2 3
0.336117 1.63838 1.63838 2 2 3
0.336263 1.64267 1.64267 2 2 3
0.336429 1.64693 1.64693 2 2 3
0.336625 1.65114 1.65114 2 2 3
0.336873 1.65517 1.65517 2 2 3
0.337217 1.65853 1.65853 2 2 3
0.337642 1.65929 1.65929 2 2 3
0.337976 1.65759 1.65759 2 2 3
0.338241 1.65501 1.65501 2 2 3
0.338466 1.65206 1.65206 2 2 3
0.338666 1.6489 1.6489 2 2 3
0.338851 1.64561 1.64561 2 2 3
0.339024 1.64223 1.64223 2 2 3
0.339188 1.6388 1.6388 2 2 3
0.339345 1.63531 1.63531 2 2 3
0.339496 1.63178 1.63178 2 2 3
0.339643 1.62822 1.62822 2 2 3
0.339786 1.62463 1.62463 2 2 3
0.339926 1.62102 1.62102 2 2 3
0.340063 1.61739 1.61739 2 2 3
0.340198 1.61375 1.61375 2 2 3
0.340331 1.61009 1.61009 2 2 3
0.340463 1.60642 1.60642 2 2 3
0.340593 1.60273 1.60273 2 2 3
0.340722 1.59904 1.59904 2 2 3
0.340851 1.59534 1.59534 2 2 3
0.340978 1.59163 1.59163 2 2 3
0.341105 1.58791 1.58791 2 2 3
0.341231 1.58419 1.58419 2 2 3
0.341357 1.58046 1.58046 2 2 3
0.341482 1.57673 1.57673 2 2 3
0.341607 1.57299 1.57299 2 2 3
0.341732 1.56924 1.56924 2 2 3
0.341857 1.56549 1.56549 2 2 3
0.341982 1.56174 1.56174 2 2 3
0.342106 1.55798 1.55798 2 2 3
0.342231 1.55422 1.55422 2 2 3
0.342356 1.55046 1.55046 2 2 3
0.342482 1.54669 1.54669 2 2 3
0.342607 1.54293 1.54293 2 2 3
0.342733 1.53915 1.53915 2 2 3
0.342859 1.53538 1.53538 2 2 3
0.342985 1.53161 1.53161 2 2 3
0.343112 1.52783 1.52783 2 2 3
0.343239 1.52405 1.52405 2 2 3
0.343367 1.52027 1.52027 2 2 3
0.343495 1.51649 1.51649 2 2 3
0.343623 1.5127 1.5127 2 2 3
0.343753 1.50892 1.50892 2 2 3
0.343882 1.50513 1.50513 2 2 3
0.344013 1.50134 1.50134 2 2 3
0.344144 1.49756 1.49756 2 2 3
0.344275 1.49377 1.49377 2 2 3
0.344408 1.48998 1.48998 2 2 3
0.344541 1.48618 1.48618 2 2 3
0.344674 1.48239 1.48239 2 2 3
0.344809 1.4786 1.4786 2 2 3
0.344944 1.4748 1.4748 2 2 3
0.34508 1.47101 1.47101 2 2 3
0.345216 1.46722 1.46722 2 2 3
0.345354 1.46342 1.46342 2 2 3
0.345492 1.45962 1.45962 2 2 3
0.345632 1.45583 1.45583 2 2 3
0.345772 1.45203 1.45203 2 2 3
0.345913 1.44824 1.44824 2 2 3
0.346055 1.44444 1.44444 2 2 3
0.346198 1.44064 1.44064 2 2 3
0.346341 1.43684 1.43684 2 2 3
0.346486 1.43305 1.43305 2 2 3
0.346632 1.42925 1.42925 2 2 3
0.346778 1.42545 1.42545 2 2 3
0.346926 1.42165 1.42165 2 2 3
0.347075 1.41786 1.41786 2 2 3
0.347224 1.41406 1.41406 2 2 3
0.347375 1.41026 1.41026 2 2 3
0.347527 1.40646 1.40646 2 2 3
0.34768 1.40266 1.40266 2 2 3
0.347834 1.39887 1.39887 2 2 3
0.347989 1.39507 1.39507 2 2 3
0.348146 1.39127 1.39127 2 2 3
0.348303 1.38748 1.38748 2 2 3
0.348461 1.38368 1.38368 2 2 3
0.348621 1.37988 1.37988 2 2 3
0.348782 1.37609 1.37609 2 2 3
0.348944 1.37229 1.37229 2 2 3
0.349108 1.36849 1.36849 2 2 3
0.349272 1.3647 1.3647 2 2 3
0.349438 1.3609 1.3609 2 2 3
0.349605 1.35711 1.35711 2 2 3
0.349774 1.35331 1.35331 2 2 3
0.349943 1.34952 1.34952 2 2 3
0.350114 1.34573 1.34573 2 2 3
0.350286 1.34193 1.34193 2 2 3
0.35046 1.33814 1.33814 2 2 3
0.350636 1.33435 1.33435 2 2 3
0.350813 1.33055 1.33055 2 2 3
0.35099 1.32676 1.32676 2 2 3
0.351169 1.32297 1.32297 2 2 3
0.35135 1.31918 1.31918 2 2 3
0.351532 1.31539 1.31539 2 2 3
0.351715 1.3116 1.3116 2 2 3
0.3519 1.30781 1.30781 2 2 3
0.352086 1.30402 1.30402 2 2 3
0.352274 1.30023 1.30023 2 2 3
0.352463 1.29644 1.29644 2 2 3
0.352654 1.29265 1.29265 2 2 3
0.352846 1.28886 1.28886 2 2 3
0.35304 1.28508 1.28508 2 2 3
0.353235 1.28129 1.28129 2 2 3
0.353432 1.2775 1.2775 2 2 3
0.353631 1.27372 1.27372 2 2 3
0.353831 1.26993 1.26993 2 2 3
0.354032 1.26615 1.26615 2 2 3
0.354236 1.26236 1.26236 2 2 3
0.35444 1.25858 1.25858 2 2 3
0.354647 1.2548 1.2548 2 2 3
0.354855 1.25101 1.25101 2 2 3
0.355065 1.24723 1.24723 2 2 3
0.355277 1.24345 1.24345 2 2 3
0.35549 1.23967 1.23967 2 2 3
0.355705 1.23588 1.23588 2 2 3
0.355922 1.2321 1.2321 2 2 3
0.35614 1.22832 1.22832 2 2 3
0.35636 1.22454 1.22454 2 2 3
0.356583 1.22076 1.22076 2 2 3
0.356806 1.21698 1.21698 2 2 3
0.357032 1.2132 1.2132 2 2 3
0.357259 1.20943 1.20943 2 2 3
0.357489 1.20565 1.20565 2 2 3
0.35772 1.20187 1.20187 2 2 3
0.357953 1.19809 1.19809 2 2 3
0.358188 1.19432 1.19432 2 2 3
0.358424 1.19054 1.19054 2 2 3
0.358663 1.18676 1.18676 2 2 3
0.358904 1.18299 1.18299 2 2 3
0.359146 1.17921 1.17921 2 2 3
0.359391 1.17544 1.17544 2 2 3
0.359637 1.17166 1.17166 2 2 3
0.359885 1.16789 1.16789 2 2 3
0.360136 1.16411 1.16411 2 2 3
0.360388 1.16034 1.16034 2 2 3
0.360643 1.15656 1.15656 2 2 3
0.360899 1.15279 1.15279 2 2 3
0.361158 1.14901 1.14901 2 2 3
0.361418 1.14524 1.14524 2 2 3
0.361681 1.14147 1.14147 2 2 3
0.361946 1.13769 1.13769 2 2 3
0.362212 1.13392 1.13392 2 2 3
0.362481 1.13015 1.13015 2 2 3
0.362753 1.12638 1.12638 2 2 3
0.363026 1.1226 1.1226 2 2 3
0.363301 1.11883 1.11883 2 2 3
0.363579 1.11506 1.11506 2 2 3
0.363859 1.11128 1.11128 2 2 3
0.364141 1.10751 1.10751 2 2 3
0.364425 1.10374 1.10374 2 2 3
0.364711 1.09997 1.09997 2 2 3
0.365 1.09619 1.09619 2 2 3
0.365291 1.09242 1.09242 2 2 3
0.365584 1.08865 1.08865 2 2 3
0.36588 1.08487 1.08487 2 2 3
0.366178 1.0811 1.0811 2 2 3
0.366478 1.07732 1.07732 2 2 3
0.366781 1.07355 1.07355 2 2 3
0.367086 1.06978 1.06978 2 2 3
0.367393 1.066 1.066 2 2 3
0.367702 1.06223 1.06223 2 2 3
0.368014 1.05845 1.05845 2 2 3
0.368329 1.05467 1.05467 2 2 3
0.368646 1.0509 1.0509 2 2 3
0.368965 1.04712 1.04712 2 2 3
0.369286 1.04334 1.04334 2 2 3
0.369611 1.03956 1.03956 2 2 3
0.369937 1.03579 1.03579 2 2 3
0.370266 1.03201 1.03201 2 2 3
0.370598 1.02823 1.02823 2 2 3
0.370932 1.02445 1.02445 2 2 3
0.371269 1.02066 1.02066 2 2 3
0.371608 1.01688 1.01688 2 2 3
0.37195 1.0131 1.0131 2 2 3
0.372294 1.00931 1.00931 2 2 3
0.372641 1.00553 1.00553 2 2 3
0.37299 1.00174 1.00174 2 2 3
0.373342 0.997956 0.997956 2 2 3
0.373697 0.994168 0.994168 2 2 3
0.374054 0.990379 0.990379 2 2 3
0.374414 0.986589 0.986589 2 2 3
0.374777 0.982797 0.982797 2 2 3
0.375142 0.979005 0.979005 2 2 3
0.37551 0.975211 0.975211 2 2 3
0.37588 0.971415 0.971415 2 2 3
0.376254 0.967619 0.967619 2 2 3
0.37663 0.963821 0.963821 2 2 3
0.377009 0.960021 0.960021 2 2 3
0.37739 0.95622 0.95622 2 2 3
0.377774 0.952418 0.952418 2 2 3
0.378161 0.948613 0.948613 2 2 3
0.378551 0.944807 0.944807 2 2 3
0.378944 0.941 0.941 2 2 3
0.379339 0.93719 0.93719 2 2 3
0.379737 0.933379 0.933379 2 2 3
0.380138 0.929566 0.929566 2 2 3
0.380542 0.925751 0.925751 2 2 3
0.380949 0.921934 0.921934 2 2 3
0.381359 0.918115 0.918115 2 2 3
0.381771 0.914293 0.914293 2 2 3
0.382186 0.91047 0.91047 2 2 3
0.382605 0.906644 0.906644 2 2 3
0.383026 0.902817 0.902817 2 2 3
0.38345 0.898986 0.898986 2 2 3
0.383877 0.895154 0.895154 2 2 3
0.384307 0.891318 0.891318 2 2 3
0.38474 0.887481 0.887481 2 2 3
0.385176 0.883641 0.883641 2 2 3
0.385614 0.879798 0.879798 2 2 3
0.386056 0.875952 0.875952 2 2 3
0.386501 0.872104 0.872104 2 2 3
0.386949 0.868253 0.868253 2 2 3
0.3874 0.864399 0.864399 2 2 3
0.387854 0.860542 0.860542 2 2 3
0.388311 0.856682 0.856682 2 2 3
0.388771 0.852819 0.852819 2 2 3
0.389235 0.848953 0.848953 2 2 3
0.389701 0.845084 0.845084 2 2 3
0.39017 0.841211 0.841211 2 2 3
0.390643 0.837335 0.837335 2 2 3
0.391119 0.833456 0.833456 2 2 3
0.391598 0.829573 0.829573 2 2 3
0.39208 0.825687 0.825687 2 2 3
0.392565 0.821798 0.821798 2 2 3
0.393053 0.817904 0.817904 2 2 3
0.393545 0.814007 0.814007 2 2 3
0.39404 0.810107 0.810107 2 2 3
0.394538 0.806202 0.806202 2 2 3
0.39504 0.802294 0.802294 2 2 3
0.395545 0.798381 0.798381 2 2 3
0.396053 0.794465 0.794465 2 2 3
0.396564 0.790545 0.790545 2 2 3
0.397079 0.78662 0.78662 2 2 3
0.397597 0.782692 0.782692 2 2 3
0.398119 0.778759 0.778759 2 2 3
0.398643 0.774822 0.774822 2 2 3
0.399172 0.770881 0.770881 2 2 3
0.399703 0.766935 0.766935 2 2 3
0.400239 0.762985 0.762985 2 2 3
0.400778 0.75903 0.75903 2 2 3
0.40132 0.755071 0.755071 2 2 3
0.401866 0.751107 0.751107 2 2 3
0.402415 0.747138 0.747138 2 2 3
0.402968 0.743165 0.743165 2 2 3
0.403525 0.739187 0.739187 2 2 3
0.404085 0.735204 0.735204 2 2 3
0.404649 0.731217 0.731217 2 2 3
0.405217 0.727224 0.727224 2 2 3
0.405788 0.723227 0.723227 2 2 3
0.406363 0.719224 0.719224 2 2 3
0.406942 0.715216 0.715216 2 2 3
0.407525 0.711204 0.711204 2 2 3
0.408112 0.707186 0.707186 2 2 3
0.408702 0.703163 0.703163 2 2 3
0.409297 0.699135 0.699135 2 2 3
0.409896 0.695101 0.695101 2 2 3
0.410498 0.691062 0.691062 2 2 3
0.411105 0.687018 0.687018 2 2 3
0.411716 0.682969 0.682969 2 2 3
0.412331 0.678914 0.678914 2 2 3
0.41295 0.674854 0.674854 2 2 3
0.413574 0.670788 0.670788 2 2 3
0.414202 0.666717 0.666717 2 2 3
0.414834 0.66264 0.66264 2 2 3
0.415471 0.658557 0.658557 2 2 3
0.416112 0.65447 0.65447 2 2 3
0.416758 0.650376 0.650376 2 2 3
0.417408 0.646277 0.646277 2 2 3
0.418063 0.642172 0.642172 2 2 3
0.418723 0.638062 0.638062 2 2 3
0.419388 0.633946 0.633946 2 2 3
0.420058 0.629825 0.629825 2 2 3
0.420732 0.625697 0.625697 2 2 3
0.421412 0.621564 0.621564 2 2 3
0.422097 0.617425 0.617425 2 2 3
0.422787 0.613281 0.613281 2 2 3
0.423483 0.609131 0.609131 2 2 3
0.424184 0.604975 0.604975 2 2 3
0.42489 0.600814 0.600814 2 2 3
0.425602 0.596646 0.596646 2 2 3
0.42632 0.592474 0.592474 2 2 3
0.427044 0.588295 0.588295 2 2 3
0.427773 0.584111 0.584111 2 2 3
0.428509 0.579921 0.579921 2 2 3
0.429251 0.575726 0.575726 2 2 3
0.429999 0.571525 0.571525 2 2 3
0.430754 0.567318 0.567318 2 2 3
0.431515 0.563106 0.563106 2 2 3
0.432284 0.558889 0.558889 2 2 3
0.433058 0.554666 0.554666 2 2 3
0.43384 0.550437 0.550437 2 2 3
0.43463 0.546203 0.546203 2 2 3
0.435426 0.541964 0.541964 2 2 3
0.43623 0.537719 0.537719 2 2 3
0.437042 0.533469 0.533469 2 2 3
0.437862 0.529214 0.529214 2 2 3
0.43869 0.524954 0.524954 2 2 3
0.439526 0.520689 0.520689 2 2 3
0.440371 0.516418 0.516418 2 2 3
0.441225 0.512143 0.512143 2 2 3
0.442087 0.507863 0.507863 2 2 3
0.442959 0.503578 0.503578 2 2 3
0.44384 0.499288 0.499288 2 2 3
0.444731 0.494993 0.494993 2 2 3
0.445632 0.490694 0.490694 2 2 3
0.446543 0.48639 0.48639 2 2 3
0.447465 0.482082 0.482082 2 2 3
0.448397 0.47777 0.47777 2 2 3
0.44934 0.473453 0.473453 2 2 3
0.450295 0.469133 0.469133 2 2 3
0.451262 0.464808 0.464808 2 2 3
0.452241 0.46048 0.46048 2 2 3
0.453232 0.456148 0.456148 2 2 3
0.454237 0.451813 0.451813 2 2 3
0.455254 0.447474 0.447474 2 2 3
0.456285 0.443131 0.443131 2 2 3
0.45733 0.438786 0.438786 2 2 3
0.45839 0.434437 0.434437 2 2 3
0.459464 0.430086 0.430086 2 2 3
0.460554 0.425732 0.425732 2 2 3
0.461659 0.421376 0.421376 2 2 3
0.462782 0.417018 0.417018 2 2 3
0.463921 0.412658 0.412658 2 2 3
0.465077 0.408296 0.408296 2 2 3
0.466251 0.403932 0.403932 2 2 3
0.467444 0.399567 0.399567 2 2 3
0.468656 0.395201 0.395201 2 2 3
0.469888 0.390835 0.390835 2 2 3
0.471141 0.386468 0.386468 2 2 3
0.472414 0.3821 0.3821 2 2 3
0.473709 0.377733 0.377733 2 2 3
0.475027 0.373366 0.373366 2 2 3
0.476368 0.369001 0.369001 2 2 3
0.477733 0.364636 0.364636 2 2 3
0.479123 0.360273 0.360273 2 2 3
0.480539 0.355912 0.355912 2 2 3
0.481981 0.351553 0.351553 2 2 3
0.483451 0.347198 0.347198 2 2 3
0.484949 0.342846 0.342846 2 2 3
0.486477 0.338498 0.338498 2 2 3
0.488036 0.334155 0.334155 2 2 3
0.489625 0.329816 0.329816 2 2 3
0.491247 0.325483 0.325483 2 2 3
0.492902 0.321156 0.321156 2 2 3
0.494591 0.316836 0.316836 2 2 3
0.496317 0.312525 0.312525 2 2 3
0.49808 0.308221 0.308221 2 2 3
0.499882 0.303928 0.303928 2 2 3
0.501721 0.299644 0.299644 2 2 3
0.503602 0.295371 0.295371 2 2 3
0.505524 0.29111 0.29111 2 2 3
0.50749 0.286863 0.286863 2 2 3
0.509501 0.28263 0.28263 2 2 3
0.511558 0.278412 0.278412 2 2 3
0.513662 0.27421 0.27421 2 2 3
0.515813 0.270025 0.270025 2 2 3
0.518016 0.265861 0.265861 2 2 3
0.520271 0.261717 0.261717 2 2 3
0.522576 0.257594 0.257594 2 2 3
0.524936 0.253494 0.253494 2 2 3
0.527352 0.249419 0.249419 2 2 3
0.529823 0.24537 0.24537 2 2 3
0.532353 0.241351 0.241351 2 2 3
0.534941 0.23736 0.23736 2 2 3
0.53759 0.233401 0.233401 2 2 3
0.540298 0.229476 0.229476 2 2 3
0.543071 0.225586 0.225586 2 2 3
0.545902 0.22173 0.22173 2 2 3
0.5488 0.217918 0.217918 2 2 3
0.55176 0.214143 0.214143 2 2 3
0.554785 0.210412 0.210412 2 2 3
0.557875 0.206726 0.206726 2 2 3
0.561029 0.203085 0.203085 2 2 3
0.56425 0.199495 0.199495 2 2 3
0.567533 0.195953 0.195953 2 2 3
0.570882 0.192463 0.192463 2 2 3
0.574293 0.189025 0.189025 2 2 3
0.577769 0.185645 0.185645 2 2 3
0.581308 0.182319 0.182319 2 2 3
0.584907 0.179051 0.179051 2 2 3
0.588567 0.175842 0.175842 2 2 3
0.592287 0.172692 0.172692 2 2 3
0.596065 0.169602 0.169602 2 2 3
0.599898 0.166573 0.166573 2 2 3
0.603788 0.163608 0.163608 2 2 3
0.60773 0.160704 0.160704 2 2 3
0.611723 0.157861 0.157861 2 2 3
0.615766 0.155081 0.155081 2 2 3
0.619859 0.152366 0.152366 2 2 3
0.623995 0.149709 0.149709 2 2 3
0.628177 0.147115 0.147115 2 2 3
0.632401 0.144583 0.144583 2 2 3
0.636666 0.142113 0.142113 2 2 3
0.640969 0.139702 0.139702 2 2 3
0.645308 0.137349 0.137349 2 2 3
0.649683 0.135055 0.135055 2 2 3
0.654092 0.132819 0.132819 2 2 3
0.658532 0.13064 0.13064 2 2 3
0.663001 0.128514 0.128514 2 2 3
0.667499 0.126442 0.126442 2 2 3
0.672024 0.124424 0.124424 2 2 3
0.676575 0.122458 0.122458 2 2 3
0.68115 0.120542 0.120542 2 2 3
0.685747 0.118676 0.118676 2 2 3
0.690366 0.116856 0.116856 2 2 3
0.695004 0.115083 0.115083 2 2 3
0.699662 0.113357 0.113357 2 2 3
0.704338 0.111674 0.111674 2 2 3
0.709031 0.110033 0.110033 2 2 3
0.713739 0.108434 0.108434 2 2 3
0.718464 0.106877 0.106877 2 2 3
0.723202 0.105358 0.105358 2 2 3
0.727953 0.103876 0.103876 2 2 3
0.732717 0.102432 0.102432 2 2 3
0.737493 0.101024 0.101024 2 2 3
0.74228 0.0996503 0.0996503 2 2 3
0.747078 0.09831 0.09831 2 2 3
0.751885 0.0970024 0.0970024 2 2 3
0.756702 0.0957269 0.0957269 2 2 3
0.761528 0.0944813 0.0944813 2 2 3
0.766363 0.0932656 0.0932656 2 2 3
0.771205 0.0920787 0.0920787 2 2 3
0.776055 0.0909195 0.0909195 2 2 3
0.780911 0.0897873 0.0897873 2 2 3
0.785775 0.0886816 0.0886816 2 2 3
0.790644 0.0876009 0.0876009 2 2 3
0.79552 0.0865447 0.0865447 2 2 3
0.800401 0.0855126 0.0855126 2 2 3
0.805288 0.0845032 0.0845032 2 2 3
0.81018 0.0835169 0.0835169 2 2 3
0.815076 0.0825518 0.0825518 2 2 3
0.819977 0.0816077 0.0816077 2 2 3
0.824883 0.0806843 0.0806843 2 2 3
0.829792 0.0797807 0.0797807 2 2 3
0.834705 0.0788959 0.0788959 2 2 3
0.839622 0.0780303 0.0780303 2 2 3
0.844543 0.0771824 0.0771824 2 2 3
0.849467 0.0763525 0.0763525 2 2 3
0.854393 0.0755392 0.0755392 2 2 3
0.859323 0.0747428 0.0747428 2 2 3
0.864256 0.0739625 0.0739625 2 2 3
0.869191 0.0731976 0.0731976 2 2 3
0.874129 0.072448 0.072448 2 2 3
0.87907 0.0717133 0.0717133 2 2 3
0.884012 0.0709928 0.0709928 2 2 3
0.888957 0.0702865 0.0702865 2 2 3
0.893904 0.0695935 0.0695935 2 2 3
0.898853 0.0689138 0.0689138 2 2 3
0.903804 0.0682469 0.0682469 2 2 3
0.908757 0.0675926 0.0675926 2 2 3
0.913712 0.0669503 0.0669503 2 2 3
0.918668 0.06632 0.06632 2 2 3
0.923626 0.0657011 0.0657011 2 2 3
0.928585 0.0650936 0.0650936 2 2 3
0.933546 0.0644969 0.0644969 2 2 3
0.938508 0.0639108 0.0639108 2 2 3
0.943472 0.0633351 0.0633351 2 2 3
0.948437 0.0627695 0.0627695 2 2 3
0.953403 0.0622138 0.0622138 2 2 3
0.95837 0.0616676 0.0616676 2 2 3
0.963338 0.0611309 0.0611309 2 2 3
0.968308 0.0606032 0.0606032 2 2 3
0.973278 0.0600844 0.0600844 2 2 3
0.97825 0.0595743 0.0595743 2 2 3
0.983222 0.0590727 0.0590727 2 2 3
0.988195 0.0585793 0.0585793 2 2 3
0.99317 0.058094 0.058094 2 2 3
0.998145 0.0576167 0.0576167 2 2 3
1.00312 0.0571469 0.0571469 2 2 3
