0 0.100002 0.100002 2 2 3
7.69237e-05 0.100002 0.100002 2 2 3
0.000127948 0.100004 0.100004 2 2 3
0.000230484 0.100007 0.100007 2 2 3
0.000435544 0.100013 0.100013 2 2 3
0.000845724 0.100025 0.100025 2 2 3
0.00166615 0.10005 0.10005 2 2 3
0.00330743 0.100099 0.100099 2 2 3
0.00500407 0.10015 0.10015 2 2 3
0.0067018 0.100201 0.100201 2 2 3
0.00840051 0.100252 0.100252 2 2 3
0.0101 0.100303 0.100303 2 2 3
0.0118005 0.100354 0.100354 2 2 3
0.0135018 0.100405 0.100405 2 2 3
0.015204 0.100456 0.100456 2 2 3
0.0169072 0.100507 0.100507 2 2 3
0.0186111 0.100558 0.100558 2 2 3
0.020316 0.100609 0.100609 2 2 3
0.0220217 0.100659 0.100659 2 2 3
0.0237284 0.10071 0.10071 2 2 3
0.0254358 0.100761 0.100761 2 2 3
0.0271442 0.100812 0.100812 2 2 3
0.0288535 0.100863 0.100863 2 2 3
0.0305636 0.100914 0.100914 2 2 3
0.0322746 0.100965 0.100965 2 2 3
0.0339864 0.101016 0.101016 2 2 3
0.0356991 0.101066 0.101066 2 2 3
0.0374127 0.101117 0.101117 2 2 3
0.0391272 0.101168 0.101168 2 2 3
0.0408425 0.101219 0.101219 2 2 3
0.0425587 0.10127 0.10127 2 2 3
0.0442757 0.101321 0.101321 2 2 3
0.0459936 0.101371 0.101371 2 2 3
0.0477123 0.101422 0.101422 2 2 3
0.0494319 0.101473 0.101473 2 2 3
0.0511524 0.101524 0.101524 2 2 3
0.0528737 0.101574 0.101574 2 2 3
0.0545958 0.101625 0.101625 2 2 3
0.0563189 0.101676 0.101676 2 2 3
0.0580427 0.101727 0.101727 2 2 3
0.0597674 0.101777 0.101777 2 2 3
0.061493 0.101828 0.101828 2 2 3
0.0632193 0.101879 0.101879 2 2 3
0.0649465 0.101929 0.101929 2 2 3
0.0666746 0.10198 0.10198 2 2 3
0.0684035 0.102031 0.102031 2 2 3
0.0701333 0.102081 0.102081 2 2 3
0.0718638 0.102132 0.102132 2 2 3
0.0735952 0.102182 0.102182 2 2 3
0.0753275 0.102233 0.102233 2 2 3
0.0770605 0.102283 0.102283 2 2 3
0.0787944 0.102334 0.102334 2 2 3
0.0805291 0.102384 0.102384 2 2 3
0.0822646 0.102435 0.102435 2 2 3
0.084001 0.102485 0.102485 2 2 3
0.0857382 0.102536 0.102536 2 2 3
0.0874762 0.102586 0.102586 2 2 3
0.089215 0.102636 0.102636 2 2 3
0.0909546 0.102687 0.102687 2 2 3
0.092695 0.102737 0.102737 2 2 3
0.0944363 0.102787 0.102787 2 2 3
0.0961784 0.102838 0.102838 2 2 3
0.0979212 0.102888 0.102888 2 2 3
0.0996649 0.102938 0.102938 2 2 3
0.101409 0.102988 0.102988 2 2 3
0.103155 0.103039 0.103039 2 2 3
0.104901 0.103089 0.103089 2 2 3
0.106648 0.103139 0.103139 2 2 3
0.108395 0.103189 0.103189 2 2 3
0.110144 0.103239 0.103239 2 2 3
0.111893 0.103289 0.103289 2 2 3
0.113643 0.103339 0.103339 2 2 3
0.115394 0.103389 0.103389 2 2 3
0.117146 0.103439 0.103439 2 2 3
0.118898 0.103489 0.103489 2 2 3
0.120651 0.103539 0.103539 2 2 3
0.122405 0.103589 0.103589 2 2 3
0.12416 0.103638 0.103638 2 2 3
0.125915 0.103688 0.103688 2 2 3
0.127672 0.103738 0.103738 2 2 3
0.129429 0.103788 0.103788 2 2 3
0.131187 0.103837 0.103837 2 2 3
0.132945 0.103887 0.103887 2 2 3
0.134705 0.103936 0.103936 2 2 3
0.136465 0.103986 0.103986 2 2 3
0.138226 0.104035 0.104035 2 2 3
0.139988 0.104085 0.104085 2 2 3
0.14175 0.104134 0.104134 2 2 3
0.143513 0.104184 0.104184 2 2 3
0.145277 0.104233 0.104233 2 2 3
0.147042 0.104282 0.104282 2 2 3
0.148808 0.104332 0.104332 2 2 3
0.150574 0.104381 0.104381 2 2 3
0.152341 0.10443 0.10443 2 2 3
0.154109 0.104479 0.104479 2 2 3
0.155877 0.104528 0.104528 2 2 3
0.157646 0.104577 0.104577 2 2 3
0.159416 0.104626 0.104626 2 2 3
0.161187 0.104675 0.104675 2 2 3
0.162958 0.104724 0.104724 2 2 3
0.164731 0.104773 0.104773 2 2 3
0.166504 0.104822 0.104822 2 2 3
0.168277 0.104871 0.104871 2 2 3
0.170052 0.104919 0.104919 2 2 3
0.171827 0.104968 0.104968 2 2 3
0.173603 0.105017 0.105017 2 2 3
0.175379 0.105065 0.105065 2 2 3
0.177156 0.105114 0.105114 2 2 3
0.178934 0.105162 0.105162 2 2 3
0.180713 0.105211 0.105211 2 2 3
0.182493 0.105259 0.105259 2 2 3
0.184273 0.105307 0.105307 2 2 3
0.186054 0.105356 0.105356 2 2 3
0.187835 0.105404 0.105404 2 2 3
0.189617 0.105452 0.105452 2 2 3
0.191401 0.1055 0.1055 2 2 3
0.193184 0.105548 0.105548 2 2 3
0.194969 0.105596 0.105596 2 2 3
0.196754 0.105644 0.105644 2 2 3
0.19854 0.105692 0.105692 2 2 3
0.200326 0.10574 0.10574 2 2 3
0.202113 0.105787 0.105787 2 2 3
0.203901 0.105835 0.105835 2 2 3
0.20569 0.105882 0.105882 2 2 3
0.207479 0.10593 0.10593 2 2 3
0.209269 0.105977 0.105977 2 2 3
0.21106 0.106025 0.106025 2 2 3
0.212851 0.106072 0.106072 2 2 3
0.214643 0.106119 0.106119 2 2 3
0.216436 0.106167 0.106167 2 2 3
0.218229 0.106214 0.106214 2 2 3
0.220023 0.106261 0.106261 2 2 3
0.221818 0.106308 0.106308 2 2 3
0.223613 0.106355 0.106355 2 2 3
0.225409 0.106402 0.106402 2 2 3
0.227206 0.106448 0.106448 2 2 3
0.229003 0.106495 0.106495 2 2 3
0.230801 0.106542 0.106542 2 2 3
0.2326 0.106588 0.106588 2 2 3
0.234399 0.106635 0.106635 2 2 3
0.236199 0.106681 0.106681 2 2 3
0.238 0.106728 0.106728 2 2 3
0.239801 0.106774 0.106774 2 2 3
0.241603 0.10682 0.10682 2 2 3
0.243406 0.106866 0.106866 2 2 3
0.245209 0.106912 0.106912 2 2 3
0.247013 0.106958 0.106958 2 2 3
0.248818 0.107004 0.107004 2 2 3
0.250623 0.10705 0.10705 2 2 3
0.252429 0.107095 0.107095 2 2 3
0.254235 0.107141 0.107141 2 2 3
0.256043 0.107187 0.107187 2 2 3
0.25785 0.107232 0.107232 2 2 3
0.259659 0.107277 0.107277 2 2 3
0.261468 0.107323 0.107323 2 2 3
0.263277 0.107368 0.107368 2 2 3
0.265088 0.107413 0.107413 2 2 3
0.266898 0.107458 0.107458 2 2 3
0.26871 0.107503 0.107503 2 2 3
0.270522 0.107548 0.107548 2 2 3
0.272335 0.107593 0.107593 2 2 3
0.274148 0.107637 0.107637 2 2 3
0.275962 0.107682 0.107682 2 2 3
0.277777 0.107726 0.107726 2 2 3
0.279592 0.107771 0.107771 2 2 3
0.281408 0.107815 0.107815 2 2 3
0.283224 0.107859 0.107859 2 2 3
0.285041 0.107903 0.107903 2 2 3
0.286859 0.107947 0.107947 2 2 3
0.288677 0.107991 0.107991 2 2 3
0.290496 0.108035 0.108035 2 2 3
0.292315 0.108079 0.108079 2 2 3
0.294135 0.108122 0.108122 2 2 3
0.295956 0.108166 0.108166 2 2 3
0.297777 0.108209 0.108209 2 2 3
0.299599 0.108253 0.108253 2 2 3
0.301421 0.108296 0.108296 2 2 3
0.303244 0.108339 0.108339 2 2 3
0.305067 0.108382 0.108382 2 2 3
0.306891 0.108425 0.108425 2 2 3
0.308716 0.108468 0.108468 2 2 3
0.310541 0.10851 0.10851 2 2 3
0.312367 0.108553 0.108553 2 2 3
0.314193 0.108595 0.108595 2 2 3
0.31602 0.108638 0.108638 2 2 3
0.317848 0.10868 0.10868 2 2 3
0.319676 0.108722 0.108722 2 2 3
0.321505 0.108764 0.108764 2 2 3
0.323334 0.108806 0.108806 2 2 3
0.325164 0.108848 0.108848 2 2 3
0.326994 0.108889 0.108889 2 2 3
0.328825 0.108931 0.108931 2 2 3
0.330656 0.108972 0.108972 2 2 3
0.332488 0.109014 0.109014 2 2 3
0.334321 0.109055 0.109055 2 2 3
0.336154 0.109096 0.109096 2 2 3
0.337987 0.109137 0.109137 2 2 3
0.339821 0.109178 0.109178 2 2 3
0.341656 0.109219 0.109219 2 2 3
0.343491 0.109259 0.109259 2 2 3
0.345327 0.1093 0.1093 2 2 3
0.347163 0.10934 0.10934 2 2 3
0.349 0.10938 0.10938 2 2 3
0.350838 0.109421 0.109421 2 2 3
0.352676 0.109461 0.109461 2 2 3
0.354514 0.1095 0.1095 2 2 3
0.356353 0.10954 0.10954 2 2 3
0.358193 0.10958 0.10958 2 2 3
0.360033 0.109619 0.109619 2 2 3
0.361873 0.109659 0.109659 2 2 3
0.363714 0.109698 0.109698 2 2 3
0.365556 0.109737 0.109737 2 2 3
0.367398 0.109776 0.109776 2 2 3
0.36924 0.109815 0.109815 2 2 3
0.371083 0.109853 0.109853 2 2 3
0.372927 0.109892 0.109892 2 2 3
0.374771 0.10993 0.10993 2 2 3
0.376616 0.109969 0.109969 2 2 3
0.378461 0.110007 0.110007 2 2 3
0.380307 0.110045 0.110045 2 2 3
0.382153 0.110083 0.110083 2 2 3
0.383999 0.11012 0.11012 2 2 3
0.385847 0.110158 0.110158 2 2 3
0.387694 0.110195 0.110195 2 2 3
0.389542 0.110233 0.110233 2 2 3
0.391391 0.11027 0.11027 2 2 3
0.39324 0.110307 0.110307 2 2 3
0.39509 0.110344 0.110344 2 2 3
0.39694 0.11038 0.11038 2 2 3
0.39879 0.110417 0.110417 2 2 3
0.400641 0.110453 0.110453 2 2 3
0.402493 0.11049 0.11049 2 2 3
0.404345 0.110526 0.110526 2 2 3
0.406197 0.110562 0.110562 2 2 3
0.40805 0.110598 0.110598 2 2 3
0.409904 0.110633 0.110633 2 2 3
0.411757 0.110669 0.110669 2 2 3
0.413612 0.110704 0.110704 2 2 3
0.415467 0.110739 0.110739 2 2 3
0.417322 0.110774 0.110774 2 2 3
0.419178 0.110809 0.110809 2 2 3
0.421034 0.110844 0.110844 2 2 3
0.422891 0.110878 0.110878 2 2 3
0.424748 0.110913 0.110913 2 2 3
0.426605 0.110947 0.110947 2 2 3
0.428463 0.110981 0.110981 2 2 3
0.430322 0.111015 0.111015 2 2 3
0.432181 0.111049 0.111049 2 2 3
0.43404 0.111082 0.111082 2 2 3
0.4359 0.111116 0.111116 2 2 3
0.43776 0.111149 0.111149 2 2 3
0.439621 0.111182 0.111182 2 2 3
0.441482 0.111215 0.111215 2 2 3
0.443344 0.111248 0.111248 2 2 3
0.445206 0.11128 0.11128 2 2 3
0.447069 0.111313 0.111313 2 2 3
0.448932 0.111345 0.111345 2 2 3
0.450795 0.111377 0.111377 2 2 3
0.452659 0.111409 0.111409 2 2 3
0.454523 0.111441 0.111441 2 2 3
0.456388 0.111472 0.111472 2 2 3
0.458253 0.111504 0.111504 2 2 3
0.460118 0.111535 0.111535 2 2 3
0.461984 0.111566 0.111566 2 2 3
0.463851 0.111597 0.111597 2 2 3
0.465717 0.111627 0.111627 2 2 3
0.467585 0.111658 0.111658 2 2 3
0.469452 0.111688 0.111688 2 2 3
0.47132 0.111718 0.111718 2 2 3
0.473189 0.111748 0.111748 2 2 3
0.475058 0.111778 0.111778 2 2 3
0.476927 0.111807 0.111807 2 2 3
0.478797 0.111837 0.111837 2 2 3
0.480667 0.111866 0.111866 2 2 3
0.482537 0.111895 0.111895 2 2 3
0.484408 0.111924 0.111924 2 2 3
0.48628 0.111952 0.111952 2 2 3
0.488151 0.111981 0.111981 2 2 3
0.490023 0.112009 0.112009 2 2 3
0.491896 0.112037 0.112037 2 2 3
0.493769 0.112065 0.112065 2 2 3
0.495642 0.112092 0.112092 2 2 3
0.497516 0.11212 0.11212 2 2 3
0.49939 0.112147 0.112147 2 2 3
0.501265 0.112174 0.112174 2 2 3
0.50314 0.112201 0.112201 2 2 3
0.505015 0.112228 0.112228 2 2 3
0.506891 0.112254 0.112254 2 2 3
0.508767 0.112281 0.112281 2 2 3
0.510643 0.112307 0.112307 2 2 3
0.51252 0.112332 0.112332 2 2 3
0.514397 0.112358 0.112358 2 2 3
0.516275 0.112384 0.112384 2 2 3
0.518153 0.112409 0.112409 2 2 3
0.520031 0.112434 0.112434 2 2 3
0.52191 0.112459 0.112459 2 2 3
0.523789 0.112483 0.112483 2 2 3
0.525668 0.112508 0.112508 2 2 3
0.527548 0.112532 0.112532 2 2 3
0.529428 0.112556 0.112556 2 2 3
0.531309 0.11258 0.11258 2 2 3
0.53319 0.112603 0.112603 2 2 3
0.535071 0.112627 0.112627 2 2 3
0.536953 0.11265 0.11265 2 2 3
0.538835 0.112673 0.112673 2 2 3
0.540717 0.112696 0.112696 2 2 3
0.5426 0.112718 0.112718 2 2 3
0.544483 0.11274 0.11274 2 2 3
0.546367 0.112763 0.112763 2 2 3
0.54825 0.112784 0.112784 2 2 3
0.550135 0.112806 0.112806 2 2 3
0.552019 0.112828 0.112828 2 2 3
0.553904 0.112849 0.112849 2 2 3
0.555789 0.11287 0.11287 2 2 3
0.557675 0.11289 0.11289 2 2 3
0.559561 0.112911 0.112911 2 2 3
0.561447 0.112931 0.112931 2 2 3
0.563334 0.112951 0.112951 2 2 3
0.565221 0.112971 0.112971 2 2 3
0.567108 0.112991 0.112991 2 2 3
0.568995 0.11301 0.11301 2 2 3
0.570883 0.11303 0.11303 2 2 3
0.572772 0.113048 0.113048 2 2 3
0.57466 0.113067 0.113067 2 2 3
0.576549 0.113086 0.113086 2 2 3
0.578439 0.113104 0.113104 2 2 3
0.580328 0.113122 0.113122 2 2 3
0.582218 0.11314 0.11314 2 2 3
0.584109 0.113157 0.113157 2 2 3
0.585999 0.113175 0.113175 2 2 3
0.58789 0.113192 0.113192 2 2 3
0.589782 0.113209 0.113209 2 2 3
0.591673 0.113225 0.113225 2 2 3
0.593565 0.113242 0.113242 2 2 3
0.595457 0.113258 0.113258 2 2 3
0.59735 0.113274 0.113274 2 2 3
0.599243 0.113289 0.113289 2 2 3
0.601136 0.113305 0.113305 2 2 3
0.60303 0.11332 0.11332 2 2 3
0.604924 0.113335 0.113335 2 2 3
0.606818 0.11335 0.11335 2 2 3
0.608712 0.113364 0.113364 2 2 3
0.610607 0.113378 0.113378 2 2 3
0.612502 0.113392 0.113392 2 2 3
0.614398 0.113406 0.113406 2 2 3
0.616293 0.11342 0.11342 2 2 3
0.61819 0.113433 0.113433 2 2 3
0.620086 0.113446 0.113446 2 2 3
0.621983 0.113459 0.113459 2 2 3
0.62388 0.113471 0.113471 2 2 3
0.625777 0.113483 0.113483 2 2 3
0.627674 0.113495 0.113495 2 2 3
0.629572 0.113507 0.113507 2 2 3
0.63147 0.113518 0.113518 2 2 3
0.633369 0.11353 0.11353 2 2 3
0.635268 0.113541 0.113541 2 2 3
0.637167 0.113551 0.113551 2 2 3
0.639066 0.113562 0.113562 2 2 3
0.640966 0.113572 0.113572 2 2 3
0.642866 0.113582 0.113582 2 2 3
0.644766 0.113592 0.113592 2 2 3
0.646667 0.113601 0.113601 2 2 3
0.648567 0.11361 0.11361 2 2 3
0.650469 0.113619 0.113619 2 2 3
0.65237 0.113628 0.113628 2 2 3
0.654272 0.113636 0.113636 2 2 3
0.656174 0.113645 0.113645 2 2 3
0.658076 0.113652 0.113652 2 2 3
0.659978 0.11366 0.11366 2 2 3
0.661881 0.113667 0.113667 2 2 3
0.663784 0.113675 0.113675 2 2 3
0.665688 0.113681 0.113681 2 2 3
0.667592 0.113688 0.113688 2 2 3
0.669496 0.113694 0.113694 2 2 3
0.6714 0.1137 0.1137 2 2 3
0.673304 0.113706 0.113706 2 2 3
0.675209 0.113712 0.113712 2 2 3
0.677114 0.113717 0.113717 2 2 3
0.67902 0.113722 0.113722 2 2 3
0.680925 0.113726 0.113726 2 2 3
0.682831 0.113731 0.113731 2 2 3
0.684737 0.113735 0.113735 2 2 3
0.686644 0.113739 0.113739 2 2 3
0.68855 0.113743 0.113743 2 2 3
0.690457 0.113746 0.113746 2 2 3
0.692365 0.113749 0.113749 2 2 3
0.694272 0.113752 0.113752 2 2 3
0.69618 0.113754 0.113754 2 2 3
0.698088 0.113757 0.113757 2 2 3
0.699996 0.113759 0.113759 2 2 3
0.701905 0.11376 0.11376 2 2 3
0.703814 0.113762 0.113762 2 2 3
0.705723 0.113763 0.113763 2 2 3
0.707632 0.113764 0.113764 2 2 3
0.709542 0.113765 0.113765 2 2 3
0.711452 0.113765 0.113765 2 2 3
0.713362 0.113765 0.113765 2 2 3
0.715272 0.113765 0.113765 2 2 3
0.717183 0.113764 0.113764 2 2 3
0.719094 0.113763 0.113763 2 2 3
0.721005 0.113762 0.113762 2 2 3
0.722916 0.113761 0.113761 2 2 3
0.724828 0.113759 0.113759 2 2 3
0.72674 0.113758 0.113758 2 2 3
0.728652 0.113755 0.113755 2 2 3
0.730565 0.113753 0.113753 2 2 3
0.732477 0.11375 0.11375 2 2 3
0.73439 0.113747 0.113747 2 2 3
0.736303 0.113744 0.113744 2 2 3
0.738217 0.11374 0.11374 2 2 3
0.74013 0.113736 0.113736 2 2 3
0.742044 0.113732 0.113732 2 2 3
0.743958 0.113728 0.113728 2 2 3
0.745873 0.113723 0.113723 2 2 3
0.747788 0.113718 0.113718 2 2 3
0.749702 0.113713 0.113713 2 2 3
0.751618 0.113707 0.113707 2 2 3
0.753533 0.113702 0.113702 2 2 3
0.755449 0.113695 0.113695 2 2 3
0.757364 0.113689 0.113689 2 2 3
0.75928 0.113682 0.113682 2 2 3
0.761197 0.113675 0.113675 2 2 3
0.763113 0.113668 0.113668 2 2 3
0.76503 0.11366 0.11366 2 2 3
0.766947 0.113653 0.113653 2 2 3
0.768865 0.113644 0.113644 2 2 3
0.770782 0.113636 0.113636 2 2 3
0.7727 0.113627 0.113627 2 2 3
0.774618 0.113618 0.113618 2 2 3
0.776536 0.113609 0.113609 2 2 3
0.778454 0.113599 0.113599 2 2 3
0.780373 0.11359 0.11359 2 2 3
0.782292 0.113579 0.113579 2 2 3
0.784211 0.113569 0.113569 2 2 3
0.786131 0.113558 0.113558 2 2 3
0.78805 0.113547 0.113547 2 2 3
0.78997 0.113536 0.113536 2 2 3
0.79189 0.113524 0.113524 2 2 3
0.79381 0.113512 0.113512 2 2 3
0.795731 0.1135 0.1135 2 2 3
0.797652 0.113488 0.113488 2 2 3
0.799573 0.113475 0.113475 2 2 3
0.801494 0.113462 0.113462 2 2 3
0.803415 0.113448 0.113448 2 2 3
0.805337 0.113435 0.113435 2 2 3
0.807259 0.113421 0.113421 2 2 3
0.809181 0.113407 0.113407 2 2 3
0.811103 0.113392 0.113392 2 2 3
0.813026 0.113377 0.113377 2 2 3
0.814948 0.113362 0.113362 2 2 3
0.816871 0.113347 0.113347 2 2 3
0.818794 0.113331 0.113331 2 2 3
0.820718 0.113315 0.113315 2 2 3
0.822641 0.113299 0.113299 2 2 3
0.824565 0.113282 0.113282 2 2 3
0.826489 0.113265 0.113265 2 2 3
0.828414 0.113248 0.113248 2 2 3
0.830338 0.113231 0.113231 2 2 3
0.832263 0.113213 0.113213 2 2 3
0.834188 0.113195 0.113195 2 2 3
0.836113 0.113177 0.113177 2 2 3
0.838038 0.113158 0.113158 2 2 3
0.839964 0.113139 0.113139 2 2 3
0.841889 0.11312 0.11312 2 2 3
0.843815 0.113101 0.113101 2 2 3
0.845742 0.113081 0.113081 2 2 3
0.847668 0.113061 0.113061 2 2 3
0.849595 0.11304 0.11304 2 2 3
0.851521 0.11302 0.11302 2 2 3
0.853448 0.112999 0.112999 2 2 3
0.855376 0.112978 0.112978 2 2 3
0.857303 0.112956 0.112956 2 2 3
0.859231 0.112934 0.112934 2 2 3
0.861159 0.112912 0.112912 2 2 3
0.863087 0.11289 0.11289 2 2 3
0.865015 0.112867 0.112867 2 2 3
0.866943 0.112844 0.112844 2 2 3
0.868872 0.112821 0.112821 2 2 3
0.870801 0.112797 0.112797 2 2 3
0.87273 0.112774 0.112774 2 2 3
0.874659 0.112749 0.112749 2 2 3
0.876589 0.112725 0.112725 2 2 3
0.878519 0.1127 0.1127 2 2 3
0.880449 0.112675 0.112675 2 2 3
0.882379 0.11265 0.11265 2 2 3
0.884309 0.112624 0.112624 2 2 3
0.886239 0.112599 0.112599 2 2 3
0.88817 0.112572 0.112572 2 2 3
0.890101 0.112546 0.112546 2 2 3
0.892032 0.112519 0.112519 2 2 3
0.893963 0.112492 0.112492 2 2 3
0.895895 0.112465 0.112465 2 2 3
0.897827 0.112437 0.112437 2 2 3
0.899759 0.112409 0.112409 2 2 3
0.901691 0.112381 0.112381 2 2 3
0.903623 0.112353 0.112353 2 2 3
0.905555 0.112324 0.112324 2 2 3
0.907488 0.112295 0.112295 2 2 3
0.909421 0.112266 0.112266 2 2 3
0.911354 0.112236 0.112236 2 2 3
0.913287 0.112206 0.112206 2 2 3
0.915221 0.112176 0.112176 2 2 3
0.917154 0.112146 0.112146 2 2 3
0.919088 0.112115 0.112115 2 2 3
0.921022 0.112084 0.112084 2 2 3
0.922957 0.112053 0.112053 2 2 3
0.924891 0.112021 0.112021 2 2 3
0.926826 0.111989 0.111989 2 2 3
0.92876 0.111957 0.111957 2 2 3
0.930695 0.111925 0.111925 2 2 3
0.932631 0.111892 0.111892 2 2 3
0.934566 0.111859 0.111859 2 2 3
0.936502 0.111826 0.111826 2 2 3
0.938437 0.111792 0.111792 2 2 3
0.940373 0.111758 0.111758 2 2 3
0.942309 0.111724 0.111724 2 2 3
0.944246 0.11169 0.11169 2 2 3
0.946182 0.111655 0.111655 2 2 3
0.948119 0.11162 0.11162 2 2 3
0.950056 0.111585 0.111585 2 2 3
0.951993 0.111549 0.111549 2 2 3
0.95393 0.111514 0.111514 2 2 3
0.955868 0.111478 0.111478 2 2 3
0.957805 0.111441 0.111441 2 2 3
0.959743 0.111405 0.111405 2 2 3
0.961681 0.111368 0.111368 2 2 3
0.963619 0.111331 0.111331 2 2 3
0.965558 0.111293 0.111293 2 2 3
0.967496 0.111256 0.111256 2 2 3
0.969435 0.111218 0.111218 2 2 3
0.971374 0.111179 0.111179 2 2 3
0.973313 0.111141 0.111141 2 2 3
0.975252 0.111102 0.111102 2 2 3
0.977192 0.111063 0.111063 2 2 3
0.979132 0.111024 0.111024 2 2 3
0.981071 0.110984 0.110984 2 2 3
0.983011 0.110944 0.110944 2 2 3
0.984952 0.110904 0.110904 2 2 3
0.986892 0.110864 0.110864 2 2 3
0.988833 0.110823 0.110823 2 2 3
0.990773 0.110782 0.110782 2 2 3
0.992714 0.110741 0.110741 2 2 3
0.994655 0.1107 0.1107 2 2 3
0.996597 0.110658 0.110658 2 2 3
0.998538 0.110616 0.110616 2 2 3
1.00048 0.110574 0.110574 2 2 3
