0 0.100003 0.100003 2 2 3
0.000107987 0.0999998 0.0999998 2 2 3
0.000216091 0.100006 0.100006 2 2 3
0.000431568 0.100012 0.100012 2 2 3
0.000862969 0.100025 0.100025 2 2 3
0.00172576 0.100049 0.100049 2 2 3
0.00345132 0.100099 0.100099 2 2 3
0.00690239 0.100197 0.100197 2 2 3
0.0118043 0.100336 0.100336 2 2 3
0.0167059 0.100473 0.100473 2 2 3
0.0216072 0.10061 0.10061 2 2 3
0.0265083 0.100746 0.100746 2 2 3
0.0314092 0.100881 0.100881 2 2 3
0.0363099 0.101015 0.101015 2 2 3
0.0412104 0.101148 0.101148 2 2 3
0.0461106 0.10128 0.10128 2 2 3
0.0510107 0.101411 0.101411 2 2 3
0.0559106 0.101541 0.101541 2 2 3
0.0608103 0.101669 0.101669 2 2 3
0.0657098 0.101797 0.101797 2 2 3
0.0706092 0.101924 0.101924 2 2 3
0.0755084 0.10205 0.10205 2 2 3
0.0804074 0.102174 0.102174 2 2 3
0.0853063 0.102298 0.102298 2 2 3
0.090205 0.10242 0.10242 2 2 3
0.0951036 0.102541 0.102541 2 2 3
0.100002 0.102661 0.102661 2 2 3
0.1049 0.10278 0.10278 2 2 3
0.109799 0.102898 0.102898 2 2 3
0.114697 0.103014 0.103014 2 2 3
0.119595 0.103129 0.103129 2 2 3
0.124493 0.103243 0.103243 2 2 3
0.12939 0.103355 0.103355 2 2 3
0.134288 0.103467 0.103467 2 2 3
0.139186 0.103577 0.103577 2 2 3
0.144083 0.103685 0.103685 2 2 3
0.148981 0.103793 0.103793 2 2 3
0.153878 0.103899 0.103899 2 2 3
0.158776 0.104003 0.104003 2 2 3
0.163673 0.104106 0.104106 2 2 3
0.16857 0.104208 0.104208 2 2 3
0.173468 0.104308 0.104308 2 2 3
0.178365 0.104407 0.104407 2 2 3
0.183262 0.104504 0.104504 2 2 3
0.18816 0.1046 0.1046 2 2 3
0.193057 0.104695 0.104695 2 2 3
0.197954 0.104787 0.104787 2 2 3
0.202852 0.104879 0.104879 2 2 3
0.207749 0.104968 0.104968 2 2 3
0.212647 0.105056 0.105056 2 2 3
0.217544 0.105143 0.105143 2 2 3
0.222442 0.105228 0.105228 2 2 3
0.227339 0.105311 0.105311 2 2 3
0.232237 0.105393 0.105393 2 2 3
0.237135 0.105473 0.105473 2 2 3
0.242033 0.105551 0.105551 2 2 3
0.246931 0.105627 0.105627 2 2 3
0.251829 0.105702 0.105702 2 2 3
0.256727 0.105775 0.105775 2 2 3
0.261626 0.105847 0.105847 2 2 3
0.266524 0.105916 0.105916 2 2 3
0.271423 0.105984 0.105984 2 2 3
0.276322 0.10605 0.10605 2 2 3
0.281221 0.106114 0.106114 2 2 3
0.28612 0.106176 0.106176 2 2 3
0.29102 0.106236 0.106236 2 2 3
0.295919 0.106295 0.106295 2 2 3
0.300819 0.106351 0.106351 2 2 3
0.305719 0.106406 0.106406 2 2 3
0.31062 0.106459 0.106459 2 2 3
0.31552 0.106509 0.106509 2 2 3
0.320421 0.106558 0.106558 2 2 3
0.325322 0.106605 0.106605 2 2 3
0.330223 0.10665 0.10665 2 2 3
0.335125 0.106693 0.106693 2 2 3
0.340027 0.106733 0.106733 2 2 3
0.344929 0.106772 0.106772 2 2 3
0.349832 0.106809 0.106809 2 2 3
0.354735 0.106843 0.106843 2 2 3
0.359638 0.106876 0.106876 2 2 3
0.364542 0.106906 0.106906 2 2 3
0.369446 0.106934 0.106934 2 2 3
0.37435 0.106961 0.106961 2 2 3
0.379254 0.106985 0.106985 2 2 3
0.384159 0.107006 0.107006 2 2 3
0.389065 0.107026 0.107026 2 2 3
0.393971 0.107044 0.107044 2 2 3
0.398877 0.107059 0.107059 2 2 3
0.403784 0.107072 0.107072 2 2 3
0.408691 0.107083 0.107083 2 2 3
0.413598 0.107091 0.107091 2 2 3
0.418506 0.107098 0.107098 2 2 3
0.423414 0.107102 0.107102 2 2 3
0.428323 0.107104 0.107104 2 2 3
0.433233 0.107103 0.107103 2 2 3
0.438142 0.1071 0.1071 2 2 3
0.443053 0.107095 0.107095 2 2 3
0.447964 0.107088 0.107088 2 2 3
0.452875 0.107078 0.107078 2 2 3
0.457787 0.107066 0.107066 2 2 3
0.462699 0.107052 0.107052 2 2 3
0.467612 0.107035 0.107035 2 2 3
0.472525 0.107016 0.107016 2 2 3
0.477439 0.106995 0.106995 2 2 3
0.482354 0.106971 0.106971 2 2 3
0.487269 0.106945 0.106945 2 2 3
0.492184 0.106917 0.106917 2 2 3
0.4971 0.106886 0.106886 2 2 3
0.502017 0.106853 0.106853 2 2 3
0.506934 0.106817 0.106817 2 2 3
0.511852 0.106779 0.106779 2 2 3
0.516771 0.106739 0.106739 2 2 3
0.52169 0.106696 0.106696 2 2 3
0.52661 0.106651 0.106651 2 2 3
0.53153 0.106603 0.106603 2 2 3
0.536451 0.106553 0.106553 2 2 3
0.541372 0.106501 0.106501 2 2 3
0.546294 0.106446 0.106446 2 2 3
0.551217 0.106389 0.106389 2 2 3
0.556141 0.106329 0.106329 2 2 3
0.561065 0.106268 0.106268 2 2 3
0.565989 0.106203 0.106203 2 2 3
0.570915 0.106136 0.106136 2 2 3
0.575841 0.106067 0.106067 2 2 3
0.580768 0.105993 0.105993 2 2 3
0.585695 0.105919 0.105919 2 2 3
0.590623 0.105843 0.105843 2 2 3
0.595552 0.105765 0.105765 2 2 3
0.600481 0.105684 0.105684 2 2 3
0.605411 0.1056 0.1056 2 2 3
0.610342 0.105515 0.105515 2 2 3
0.615273 0.105427 0.105427 2 2 3
0.620205 0.105336 0.105336 2 2 3
0.625138 0.105244 0.105244 2 2 3
0.630071 0.105149 0.105149 2 2 3
0.635005 0.105051 0.105051 2 2 3
0.63994 0.104952 0.104952 2 2 3
0.644875 0.10485 0.10485 2 2 3
0.649811 0.104746 0.104746 2 2 3
0.654748 0.104639 0.104639 2 2 3
0.659685 0.104531 0.104531 2 2 3
0.664623 0.10442 0.10442 2 2 3
0.669562 0.104307 0.104307 2 2 3
0.674501 0.104192 0.104192 2 2 3
0.679442 0.104074 0.104074 2 2 3
0.684382 0.103954 0.103954 2 2 3
0.689324 0.103833 0.103833 2 2 3
0.694266 0.103709 0.103709 2 2 3
0.699208 0.103582 0.103582 2 2 3
0.704152 0.103454 0.103454 2 2 3
0.709096 0.103324 0.103324 2 2 3
0.714041 0.103192 0.103192 2 2 3
0.718986 0.103057 0.103057 2 2 3
0.723932 0.102921 0.102921 2 2 3
0.728879 0.102782 0.102782 2 2 3
0.733826 0.102642 0.102642 2 2 3
0.738774 0.102499 0.102499 2 2 3
0.743723 0.102355 0.102355 2 2 3
0.748672 0.102209 0.102209 2 2 3
0.753622 0.10206 0.10206 2 2 3
0.758572 0.10191 0.10191 2 2 3
0.763523 0.101758 0.101758 2 2 3
0.768475 0.101604 0.101604 2 2 3
0.773428 0.101449 0.101449 2 2 3
0.77838 0.101291 0.101291 2 2 3
0.783334 0.101132 0.101132 2 2 3
0.788288 0.100971 0.100971 2 2 3
0.793243 0.100808 0.100808 2 2 3
0.798198 0.100644 0.100644 2 2 3
0.803154 0.100478 0.100478 2 2 3
0.808111 0.10031 0.10031 2 2 3
0.813068 0.100141 0.100141 2 2 3
0.818026 0.0999695 0.0999695 2 2 3
0.822984 0.0997969 0.0997969 2 2 3
0.827943 0.0996228 0.0996228 2 2 3
0.832902 0.0994471 0.0994471 2 2 3
0.837862 0.0992699 0.0992699 2 2 3
0.842823 0.0990913 0.0990913 2 2 3
0.847784 0.0989112 0.0989112 2 2 3
0.852745 0.0987296 0.0987296 2 2 3
0.857707 0.0985467 0.0985467 2 2 3
0.86267 0.0983624 0.0983624 2 2 3
0.867633 0.0981768 0.0981768 2 2 3
0.872596 0.0979898 0.0979898 2 2 3
0.877561 0.0978016 0.0978016 2 2 3
0.882525 0.0976121 0.0976121 2 2 3
0.88749 0.0974214 0.0974214 2 2 3
0.892456 0.0972294 0.0972294 2 2 3
0.897422 0.0970363 0.0970363 2 2 3
0.902388 0.096842 0.096842 2 2 3
0.907355 0.0966466 0.0966466 2 2 3
0.912323 0.0964502 0.0964502 2 2 3
0.917291 0.0962526 0.0962526 2 2 3
0.922259 0.096054 0.096054 2 2 3
0.927228 0.0958544 0.0958544 2 2 3
0.932197 0.0956537 0.0956537 2 2 3
0.937167 0.0954522 0.0954522 2 2 3
0.942137 0.0952496 0.0952496 2 2 3
0.947107 0.0950462 0.0950462 2 2 3
0.952078 0.0948419 0.0948419 2 2 3
0.95705 0.0946368 0.0946368 2 2 3
0.962021 0.0944308 0.0944308 2 2 3
0.966994 0.094224 0.094224 2 2 3
0.971966 0.0940164 0.0940164 2 2 3
0.976939 0.0938081 0.0938081 2 2 3
0.981912 0.093599 0.093599 2 2 3
0.986886 0.0933893 0.0933893 2 2 3
0.99186 0.0931788 0.0931788 2 2 3
0.996834 0.0929677 0.0929677 2 2 3
1.00181 0.092756 0.092756 2 2 3
